#XSPEC version: 12.11.0
#Build Date/Time: Thu Jul  2 16:22:45 2020
#
!XSPEC12> error 1. 5 6 8
# Parameter   Confidence Range (1)
#                                   Parameters
#PG-Statistic |beta|/N    Lvl       5:Gamma    6:FracSctr         8:Tin        9:norm          13:a       14:Incl        20:Afe
#================================================================================
# Variances and Principal Axes
#                 5        6        8        9       13       14       20  
# 6.8582E-06| -0.0953  -0.1659  -0.9815  -0.0010   0.0014  -0.0001   0.0001  
# 4.6098E-04| -0.0393  -0.9846   0.1702  -0.0001   0.0057  -0.0003   0.0003  
# 6.6414E-02|  0.9944  -0.0549  -0.0873  -0.0025  -0.0229  -0.0022   0.0022  
# 1.2499E+00|  0.0231   0.0046  -0.0015  -0.0150   0.9995  -0.0105  -0.0106  
# 1.5461E+03| -0.0023   0.0004   0.0002   0.0253  -0.0099  -0.9994   0.0189  
# 3.2444E+03|  0.0031  -0.0004  -0.0012   0.9867   0.0132   0.0218  -0.1604  
# 7.5118E+04| -0.0014   0.0004   0.0000   0.1597   0.0131   0.0226   0.9868  
#--------------------------------------------------------------------------------
#
#====================================================================================
#  Covariance Matrix
#        1           2           3           4           5           6           7   
#   2.449e-01  -4.956e-02  -2.024e-02  -6.698e+00  -1.149e+00   1.504e+00  -1.028e+02
#  -4.956e-02   1.316e-02   2.526e-03   3.312e+00   3.683e-01   7.338e-02   2.942e+01
#  -2.024e-02   2.526e-03   5.654e-03  -3.829e+00  -4.655e-02  -4.201e-01   1.573e+00
#  -6.698e+00   3.312e+00  -3.829e+00   5.076e+03   1.991e+02   3.023e+02   1.133e+04
#  -1.149e+00   3.683e-01  -4.655e-02   1.991e+02   1.485e+01   3.845e+01   9.636e+02
#   1.504e+00   7.338e-02  -4.201e-01   3.023e+02   3.845e+01   1.584e+03   1.637e+03
#  -1.028e+02   2.942e+01   1.573e+00   1.133e+04   9.636e+02   1.637e+03   7.323e+04
#------------------------------------------------------------------------------------
#
#========================================================================
#Model TBfeo<1>(simpl<2>(diskbb<3> + relxill<4>)) Source No.: 1   Active/On
#Model Model Component  Parameter  Unit     Value
# par  comp
#   1    1   TBfeo      nH         10^22    3.68341      frozen
#   2    1   TBfeo      O                   0.718572     frozen
#   3    1   TBfeo      Fe                  0.977861     frozen
#   4    1   TBfeo      redshift            0.0          frozen
#   5    2   simpl      Gamma               1.37614      +/-  0.494899     
#   6    2   simpl      FracSctr            0.330740     +/-  0.114717     
#   7    2   simpl      UpScOnly            1.00000      frozen
#   8    3   diskbb     Tin        keV      0.486856     +/-  7.51912E-02  
#   9    3   diskbb     norm                111.102      +/-  71.2456      
#  10    4   relxill    Index1              3.00000      frozen
#  11    4   relxill    Index2              3.00000      frozen
#  12    4   relxill    Rbr                 15.0000      frozen
#  13    4   relxill    a                   0.976187     +/-  3.85370      
#  14    4   relxill    Incl       deg      24.0438      +/-  39.8042      
#  15    4   relxill    Rin                 -1.00000     frozen
#  16    4   relxill    Rout                400.000      frozen
#  17    4   relxill    z                   0.0          frozen
#  18    4   relxill    gamma               1.37614      = p5
#  19    4   relxill    logxi               2.26290      frozen
#  20    4   relxill    Afe                 9.99910      +/-  270.619      
#  21    4   relxill    Ecut       keV      100.000      frozen
#  22    4   relxill    refl_frac           -1.00000     frozen
#  23    4   relxill    norm                2.33818E-04  frozen
#________________________________________________________________________
#
#
#Fit statistic  : PG-Statistic                 157.75     using 162 bins.
#
#Test statistic : Chi-Squared                  175.97     using 162 bins.
# Null hypothesis probability of 1.19e-01 with 155 degrees of freedom
#***Warning: New best fit found, fit parameters will be set to new values.
#                                   Parameters
#PG-Statistic |beta|/N    Lvl       5:Gamma    6:FracSctr         8:Tin        9:norm          13:a       14:Incl        20:Afe
#================================================================================
# Variances and Principal Axes
#                 5        6        8        9       13       14       20  
# 4.2982E-06| -0.0811  -0.1767  -0.9809  -0.0003  -0.0001  -0.0000   0.0001  
# 3.4677E-04| -0.0519  -0.9821   0.1812  -0.0002  -0.0027   0.0000   0.0002  
# 3.1702E-02|  0.9953  -0.0656  -0.0705  -0.0008   0.0070  -0.0002   0.0013  
# 2.8595E+01| -0.0070  -0.0022   0.0008  -0.0079   0.9983  -0.0057  -0.0573  
# 1.6564E+04|  0.0001   0.0001   0.0002  -0.8576  -0.0294   0.2906  -0.4233  
# 3.0735E+04| -0.0006   0.0002   0.0002  -0.3696  -0.0015  -0.9219   0.1160  
# 8.8424E+04| -0.0017   0.0003   0.0003  -0.3575   0.0501   0.2560   0.8967  
#--------------------------------------------------------------------------------
#
#====================================================================================
#  Covariance Matrix
#        1           2           3           4           5           6           7   
#   3.011e-01  -4.745e-02  -4.386e-02   5.879e+01  -7.773e+00  -2.002e+01  -1.381e+02
#  -4.745e-02   8.980e-03   7.870e-03  -1.286e+01   1.133e+00   2.907e+00   2.235e+01
#  -4.386e-02   7.870e-03   7.653e-03  -1.303e+01   1.058e+00   2.451e+00   1.959e+01
#   5.879e+01  -1.286e+01  -1.303e+01   2.768e+04  -1.148e+03  -1.750e+03  -2.365e+04
#  -7.773e+00   1.133e+00   1.058e+00  -1.148e+03   2.644e+02   1.034e+03   4.168e+03
#  -2.002e+01   2.907e+00   2.451e+00  -1.750e+03   1.034e+03   3.332e+04   1.498e+04
#  -1.381e+02   2.235e+01   1.959e+01  -2.365e+04   4.168e+03   1.498e+04   7.449e+04
#------------------------------------------------------------------------------------
#
#========================================================================
#Model TBfeo<1>(simpl<2>(diskbb<3> + relxill<4>)) Source No.: 1   Active/On
#Model Model Component  Parameter  Unit     Value
# par  comp
#   1    1   TBfeo      nH         10^22    3.68341      frozen
#   2    1   TBfeo      O                   0.718572     frozen
#   3    1   TBfeo      Fe                  0.977861     frozen
#   4    1   TBfeo      redshift            0.0          frozen
#   5    2   simpl      Gamma               1.35376      +/-  0.548743     
#   6    2   simpl      FracSctr            0.298908     +/-  9.47648E-02  
#   7    2   simpl      UpScOnly            1.00000      frozen
#   8    3   diskbb     Tin        keV      0.397444     +/-  8.74828E-02  
#   9    3   diskbb     norm                284.127      +/-  166.383      
#  10    4   relxill    Index1              3.00000      frozen
#  11    4   relxill    Index2              3.00000      frozen
#  12    4   relxill    Rbr                 15.0000      frozen
#  13    4   relxill    a                   0.998000     +/-  16.2617      
#  14    4   relxill    Incl       deg      6.08851      +/-  182.535      
#  15    4   relxill    Rin                 -1.00000     frozen
#  16    4   relxill    Rout                400.000      frozen
#  17    4   relxill    z                   0.0          frozen
#  18    4   relxill    gamma               1.35376      = p5
#  19    4   relxill    logxi               2.26290      frozen
#  20    4   relxill    Afe                 10.00000     +/-  272.920      
#  21    4   relxill    Ecut       keV      100.000      frozen
#  22    4   relxill    refl_frac           -1.00000     frozen
#  23    4   relxill    norm                2.33818E-04  frozen
#________________________________________________________________________
#
#
#Fit statistic  : PG-Statistic                 154.51     using 162 bins.
#
#Test statistic : Chi-Squared                  186.04     using 162 bins.
# Null hypothesis probability of 4.51e-02 with 155 degrees of freedom
#***Warning: New best fit found, fit parameters will be set to new values.
#                                   Parameters
#PG-Statistic |beta|/N    Lvl       5:Gamma    6:FracSctr         8:Tin        9:norm          13:a       14:Incl        20:Afe
#