#XSPEC version: 12.11.0
#Build Date/Time: Thu Jul  2 16:22:45 2020
#
!XSPEC12> error 1. 5 6 8
# Parameter   Confidence Range (1)
#Apparent non-monotonicity in statistic space detected.
#Current bracket values 2.8853, 3.0156
#and delta stat 0, 5.00534
#but latest trial 3.01531 gives 73.1457
#Suggest that you check this result using the steppar command.
#     5      2.81353      2.95045    (-0.0717609,0.0651543)
#     6    0.0630264    0.0754598    (-0.00600434,0.00642907)
#                                   Parameters
#PG-Statistic |beta|/N    Lvl       5:Gamma    6:FracSctr         8:Tin        9:norm          13:a       14:Incl        20:Afe
#================================================================================
# Variances and Principal Axes
#                 5        6        8        9       13       14       20  
# 7.1653E-07| -0.2288   0.9418   0.0362   0.2395  -0.0437   0.0016  -0.0041  
# 2.4866E-05| -0.0098  -0.2494   0.1694   0.9527   0.0377  -0.0025   0.0025  
# 5.7604E-04| -0.9357  -0.2244   0.0448  -0.0660  -0.2597   0.0087  -0.0160  
# 8.4315E-02|  0.1238   0.0200   0.9449  -0.1511  -0.2600   0.0232  -0.0215  
# 1.3831E-01|  0.2363   0.0025  -0.2709   0.0877  -0.9146  -0.0527  -0.1547  
# 4.2237E+00| -0.0262  -0.0016   0.0269  -0.0095   0.1579  -0.1489  -0.9754  
# 1.3730E+01| -0.0144   0.0008   0.0327  -0.0094   0.0164  -0.9871   0.1547  
#--------------------------------------------------------------------------------
#
#====================================================================================
#  Covariance Matrix
#        1           2           3           4           5           6           7   
#   1.525e-02   4.342e-04  -8.431e-03   4.226e-03  -5.318e-02   2.096e-01   7.219e-02
#   4.342e-04   8.472e-05   1.659e-03  -2.576e-04  -1.608e-03  -9.475e-03   8.146e-03
#  -8.431e-03   1.659e-03   1.031e-01  -2.062e-02   3.885e-02  -4.560e-01  -3.734e-02
#   4.226e-03  -2.576e-04  -2.062e-02   4.606e-03  -1.623e-02   1.323e-01   1.765e-02
#  -5.318e-02  -1.608e-03   3.885e-02  -1.623e-02   2.305e-01  -3.155e-01  -5.957e-01
#   2.096e-01  -9.475e-03  -4.560e-01   1.323e-01  -3.155e-01   1.347e+01  -1.482e+00
#   7.219e-02   8.146e-03  -3.734e-02   1.765e-02  -5.957e-01  -1.482e+00   4.350e+00
#------------------------------------------------------------------------------------
#
#========================================================================
#Model TBfeo<1>(simpl<2>(diskbb<3> + relxill<4>)) Source No.: 1   Active/On
#Model Model Component  Parameter  Unit     Value
# par  comp
#   1    1   TBfeo      nH         10^22    3.68341      frozen
#   2    1   TBfeo      O                   0.718572     frozen
#   3    1   TBfeo      Fe                  0.977861     frozen
#   4    1   TBfeo      redshift            0.0          frozen
#   5    2   simpl      Gamma               2.89549      +/-  0.123496     
#   6    2   simpl      FracSctr            6.94689E-02  +/-  9.20455E-03  
#   7    2   simpl      UpScOnly            1.00000      frozen
#   8    3   diskbb     Tin        keV      2.86052      +/-  0.321169     
#   9    3   diskbb     norm                0.137970     +/-  6.78683E-02  
#  10    4   relxill    Index1              3.00000      frozen
#  11    4   relxill    Index2              3.00000      frozen
#  12    4   relxill    Rbr                 15.0000      frozen
#  13    4   relxill    a                   0.998000     +/-  0.480057     
#  14    4   relxill    Incl       deg      49.4284      +/-  3.67058      
#  15    4   relxill    Rin                 -1.00000     frozen
#  16    4   relxill    Rout                400.000      frozen
#  17    4   relxill    z                   0.0          frozen
#  18    4   relxill    gamma               2.89549      = p5
#  19    4   relxill    logxi               3.30888      frozen
#  20    4   relxill    Afe                 7.95895      +/-  2.08574      
#  21    4   relxill    Ecut       keV      100.000      frozen
#  22    4   relxill    refl_frac           -1.00000     frozen
#  23    4   relxill    norm                4.31068E-03  frozen
#________________________________________________________________________
#
#
#Fit statistic  : PG-Statistic                 240.86     using 208 bins.
#
#Test statistic : Chi-Squared                  234.53     using 208 bins.
# Null hypothesis probability of 5.26e-02 with 201 degrees of freedom
#***Warning: New best fit found, fit parameters will be set to new values.
#                                   Parameters
#PG-Statistic |beta|/N    Lvl       5:Gamma    6:FracSctr         8:Tin        9:norm          13:a       14:Incl        20:Afe
#239.996      1.74246       0       2.83735     0.0726734       3.00000      0.106315      0.998000       46.3452       9.51513
#239.994      2.36155       0       2.83747     0.0726806       3.00000      0.106296      0.998000       46.3533       9.51299
#================================================================================
# Variances and Principal Axes
#                 5        6        8        9       13       14       20  
# 6.8302E-07| -0.2131   0.9360   0.0151   0.2766  -0.0404   0.0017  -0.0043  
# 1.9318E-05| -0.0104  -0.2845   0.0612   0.9561   0.0317  -0.0019   0.0023  
# 7.3617E-04| -0.9356  -0.2066   0.0194  -0.0636  -0.2777   0.0092  -0.0180  
# 1.4394E-01|  0.2776   0.0117   0.1494   0.0281  -0.9329  -0.0790  -0.1521  
# 5.2508E-01|  0.0135  -0.0058  -0.9755   0.0648  -0.1219  -0.1354  -0.1039  
# 4.1553E+00| -0.0380  -0.0019   0.1239  -0.0137   0.1866  -0.3838  -0.8949  
# 1.3269E+01| -0.0200   0.0009   0.0801  -0.0084   0.0175  -0.9099   0.4060  
#--------------------------------------------------------------------------------
#
#====================================================================================
#  Covariance Matrix
#        1           2           3           4           5           6           7   
#   2.312e-02   6.209e-04  -4.174e-02   6.010e-03  -7.204e-02   2.977e-01   2.676e-02
#   6.209e-04   9.755e-05   3.231e-03  -1.415e-04  -2.415e-03  -7.944e-03   1.218e-02
#  -4.174e-02   3.231e-03   6.517e-01  -4.857e-02   1.570e-01  -1.097e+00   2.047e-02
#   6.010e-03  -1.415e-04  -4.857e-02   4.055e-03  -2.046e-02   1.183e-01   1.481e-03
#  -7.204e-02  -2.415e-03   1.570e-01  -2.046e-02   2.818e-01  -4.899e-01  -5.723e-01
#   2.977e-01  -7.944e-03  -1.097e+00   1.183e-01  -4.899e-01   1.161e+01  -3.465e+00
#   2.676e-02   1.218e-02   2.047e-02   1.481e-03  -5.723e-01  -3.465e+00   5.524e+00
#------------------------------------------------------------------------------------
#
#========================================================================
#Model TBfeo<1>(simpl<2>(diskbb<3> + relxill<4>)) Source No.: 1   Active/On
#Model Model Component  Parameter  Unit     Value
# par  comp
#   1    1   TBfeo      nH         10^22    3.68341      frozen
#   2    1   TBfeo      O                   0.718572     frozen
#   3    1   TBfeo      Fe                  0.977861     frozen
#   4    1   TBfeo      redshift            0.0          frozen
#   5    2   simpl      Gamma               2.83747      +/-  0.152065     
#   6    2   simpl      FracSctr            7.26806E-02  +/-  9.87683E-03  
#   7    2   simpl      UpScOnly            1.00000      frozen
#   8    3   diskbb     Tin        keV      3.00000      +/-  0.807273     
#   9    3   diskbb     norm                0.106296     +/-  6.36754E-02  
#  10    4   relxill    Index1              3.00000      frozen
#  11    4   relxill    Index2              3.00000      frozen
#  12    4   relxill    Rbr                 15.0000      frozen
#  13    4   relxill    a                   0.998000     +/-  0.530890     
#  14    4   relxill    Incl       deg      46.3533      +/-  3.40725      
#  15    4   relxill    Rin                 -1.00000     frozen
#  16    4   relxill    Rout                400.000      frozen
#  17    4   relxill    z                   0.0          frozen
#  18    4   relxill    gamma               2.83747      = p5
#  19    4   relxill    logxi               3.30888      frozen
#  20    4   relxill    Afe                 9.51299      +/-  2.35029      
#  21    4   relxill    Ecut       keV      100.000      frozen
#  22    4   relxill    refl_frac           -1.00000     frozen
#  23    4   relxill    norm                4.31068E-03  frozen
#________________________________________________________________________
#
#
#Fit statistic  : PG-Statistic                 239.99     using 208 bins.
#
#Test statistic : Chi-Squared                  234.58     using 208 bins.
# Null hypothesis probability of 5.24e-02 with 201 degrees of freedom
#***Warning: New best fit found, fit parameters will be set to new values.
#                                   Parameters
#PG-Statistic |beta|/N    Lvl       5:Gamma    6:FracSctr         8:Tin        9:norm          13:a       14:Incl        20:Afe
#239.536      1.2366        0       2.88626     0.0724132       3.00000      0.113137      0.998000       47.9843       8.16236
#239.536      3.12247       0       2.88625     0.0724140       3.00000      0.113140      0.998000       47.9847       8.16221
#================================================================================
# Variances and Principal Axes
#                 5        6        8        9       13       14       20  
# 7.1431E-07| -0.2287   0.9310   0.0163   0.2808  -0.0425   0.0021  -0.0041  
# 1.8590E-05|  0.0001  -0.2876   0.0648   0.9550   0.0333  -0.0020   0.0024  
# 6.3935E-04| -0.9370  -0.2245   0.0199  -0.0597  -0.2593   0.0098  -0.0167  
# 1.4459E-01|  0.2604   0.0103   0.1524   0.0256  -0.9376  -0.0805  -0.1501  
# 4.6786E-01|  0.0121  -0.0066  -0.9769   0.0687  -0.1277  -0.1241  -0.0955  
# 3.7958E+00| -0.0378  -0.0013   0.1193  -0.0139   0.1854  -0.4951  -0.8394  
# 1.5076E+01| -0.0157   0.0012   0.0584  -0.0066  -0.0037  -0.8561   0.5132  
#--------------------------------------------------------------------------------
#
#====================================================================================
#  Covariance Matrix
#        1           2           3           4           5           6           7   
#   1.959e-02   3.941e-04  -3.078e-02   4.949e-03  -6.162e-02   2.700e-01  -7.072e-03
#   3.941e-04   9.668e-05   3.673e-03  -2.173e-04  -1.938e-03  -1.232e-02   1.320e-02
#  -3.078e-02   3.673e-03   5.554e-01  -4.294e-02   1.183e-01  -9.236e-01   1.125e-01
#   4.949e-03  -2.173e-04  -4.294e-02   3.713e-03  -1.699e-02   1.069e-01  -1.032e-02
#  -6.162e-02  -1.938e-03   1.183e-01  -1.699e-02   2.655e-01  -2.817e-01  -5.936e-01
#   2.700e-01  -1.232e-02  -9.236e-01   1.069e-01  -2.817e-01   1.199e+01  -5.039e+00
#  -7.072e-03   1.320e-02   1.125e-01  -1.032e-02  -5.936e-01  -5.039e+00   6.654e+00
#------------------------------------------------------------------------------------
#
#========================================================================
#Model TBfeo<1>(simpl<2>(diskbb<3> + relxill<4>)) Source No.: 1   Active/On
#Model Model Component  Parameter  Unit     Value
# par  comp
#   1    1   TBfeo      nH         10^22    3.68341      frozen
#   2    1   TBfeo      O                   0.718572     frozen
#   3    1   TBfeo      Fe                  0.977861     frozen
#   4    1   TBfeo      redshift            0.0          frozen
#   5    2   simpl      Gamma               2.88625      +/-  0.139956     
#   6    2   simpl      FracSctr            7.24140E-02  +/-  9.83248E-03  
#   7    2   simpl      UpScOnly            1.00000      frozen
#   8    3   diskbb     Tin        keV      3.00000      +/-  0.745220     
#   9    3   diskbb     norm                0.113140     +/-  6.09313E-02  
#  10    4   relxill    Index1              3.00000      frozen
#  11    4   relxill    Index2              3.00000      frozen
#  12    4   relxill    Rbr                 15.0000      frozen
#  13    4   relxill    a                   0.998000     +/-  0.515219     
#  14    4   relxill    Incl       deg      47.9847      +/-  3.46228      
#  15    4   relxill    Rin                 -1.00000     frozen
#  16    4   relxill    Rout                400.000      frozen
#  17    4   relxill    z                   0.0          frozen
#  18    4   relxill    gamma               2.88625      = p5
#  19    4   relxill    logxi               3.30888      frozen
#  20    4   relxill    Afe                 8.16221      +/-  2.57944      
#  21    4   relxill    Ecut       keV      100.000      frozen
#  22    4   relxill    refl_frac           -1.00000     frozen
#  23    4   relxill    norm                4.31068E-03  frozen
#________________________________________________________________________
#
#
#Fit statistic  : PG-Statistic                 239.54     using 208 bins.
#
#Test statistic : Chi-Squared                  234.47     using 208 bins.
# Null hypothesis probability of 5.29e-02 with 201 degrees of freedom
#***Warning: New best fit found, fit parameters will be set to new values.
#     5      2.81606      2.96335    (-0.0701889,0.0771028)
#