#XSPEC version: 12.11.0
#Build Date/Time: Thu Jul  2 16:22:45 2020
#
!XSPEC12> error 1. 5 6 8
# Parameter   Confidence Range (1)
#Apparent non-monotonicity in statistic space detected.
#Current bracket values 1.39135, 1.39027
#and delta stat 0.966719, 1.51911
#but latest trial 1.39126 gives 0.952723
#Suggest that you check this result using the steppar command.
#                                   Parameters
#PG-Statistic |beta|/N    Lvl       5:Gamma    6:FracSctr         8:Tin        9:norm          13:a       14:Incl        20:Afe
#220.354      4.19831       8       1.56807      0.358534      0.820095       3.83786      0.743548       57.8870       5.00125
#================================================================================
# Variances and Principal Axes
#                 5        6        8        9       13       14       20  
# 1.8479E-05| -0.4879  -0.7865  -0.3756  -0.0203   0.0426  -0.0074   0.0015  
# 6.3452E-04|  0.8007  -0.5759   0.1636   0.0172  -0.0108   0.0013   0.0074  
# 1.3880E-02|  0.3421   0.2183  -0.9094  -0.0292  -0.0818   0.0105   0.0250  
# 4.8567E-01|  0.0587   0.0458  -0.0574  -0.0129   0.9901  -0.1010  -0.0212  
# 4.0877E+01| -0.0050  -0.0006  -0.0404   0.7996   0.0317   0.3329  -0.4972  
# 7.0600E+01|  0.0055  -0.0029   0.0150  -0.4544   0.0811   0.8758  -0.1404  
# 8.8238E+01|  0.0166  -0.0002  -0.0034  -0.3905  -0.0587  -0.3344  -0.8555  
#--------------------------------------------------------------------------------
#
#====================================================================================
#  Covariance Matrix
#        1           2           3           4           5           6           7   
#   3.114e-02   7.455e-04   3.138e-03  -9.113e-01  -3.275e-02  -2.173e-01  -1.207e+00
#   7.455e-04   2.517e-03  -6.049e-03   7.926e-02   5.476e-03  -1.837e-01   5.690e-02
#   3.138e-03  -6.049e-03   9.657e-02  -1.681e+00   2.459e-02   4.800e-01   9.312e-01
#  -9.113e-01   7.926e-02  -1.681e+00   5.416e+01   4.498e-01  -5.690e+00   1.773e+01
#  -3.275e-02   5.476e-03   2.459e-02   4.498e-01   1.286e+00   7.130e+00   2.970e+00
#  -2.173e-01  -1.837e-01   4.800e-01  -5.690e+00   7.130e+00   6.855e+01   9.797e+00
#  -1.207e+00   5.690e-02   9.312e-01   1.773e+01   2.970e+00   9.797e+00   7.608e+01
#------------------------------------------------------------------------------------
#
#========================================================================
#Model TBfeo<1>(simpl<2>(diskbb<3> + relxill<4>)) Source No.: 1   Active/On
#Model Model Component  Parameter  Unit     Value
# par  comp
#   1    1   TBfeo      nH         10^22    3.68341      frozen
#   2    1   TBfeo      O                   0.718572     frozen
#   3    1   TBfeo      Fe                  0.977861     frozen
#   4    1   TBfeo      redshift            0.0          frozen
#   5    2   simpl      Gamma               1.56807      +/-  0.176458     
#   6    2   simpl      FracSctr            0.358534     +/-  5.01669E-02  
#   7    2   simpl      UpScOnly            1.00000      frozen
#   8    3   diskbb     Tin        keV      0.820095     +/-  0.310752     
#   9    3   diskbb     norm                3.83786      +/-  7.35968      
#  10    4   relxill    Index1              3.00000      frozen
#  11    4   relxill    Index2              3.00000      frozen
#  12    4   relxill    Rbr                 15.0000      frozen
#  13    4   relxill    a                   0.743548     +/-  1.13386      
#  14    4   relxill    Incl       deg      57.8870      +/-  8.27956      
#  15    4   relxill    Rin                 -1.00000     frozen
#  16    4   relxill    Rout                400.000      frozen
#  17    4   relxill    z                   0.0          frozen
#  18    4   relxill    gamma               1.56807      = p5
#  19    4   relxill    logxi               2.89779      frozen
#  20    4   relxill    Afe                 5.00125      +/-  8.72257      
#  21    4   relxill    Ecut       keV      100.000      frozen
#  22    4   relxill    refl_frac           -1.00000     frozen
#  23    4   relxill    norm                2.37235E-04  frozen
#________________________________________________________________________
#
#
#Fit statistic  : PG-Statistic                 220.35     using 206 bins.
#
#Test statistic : Chi-Squared                  233.42     using 206 bins.
# Null hypothesis probability of 4.77e-02 with 199 degrees of freedom
#***Warning: New best fit found, fit parameters will be set to new values.
#                                   Parameters
#PG-Statistic |beta|/N    Lvl       5:Gamma    6:FracSctr         8:Tin        9:norm          13:a       14:Incl        20:Afe
#218.868      3.24238       0       1.59826      0.368950      0.792973       3.41796      0.603727       56.1520       5.04948
#218.819      3.06634       0       1.59941      0.368715      0.792404       3.41404      0.606610       56.1351       5.02595
#218.743      2.89007      -1       1.60591      0.370595      0.790119       3.36952      0.612370       56.1217       5.97300
#218.416      6.22809      -1       1.61162      0.370484      0.783555       3.26655      0.631599       56.0096       5.29252
#218.382      2.79487       0       1.61203      0.370382      0.782609       3.25173      0.633207       55.9940       5.24340
#218.354      1.27698       0       1.61250      0.370326      0.781798       3.23910      0.633203       55.9846       5.18702
#218.328      1.27425       0       1.61297      0.370274      0.781005       3.22673      0.632887       55.9759       5.13061
#218.302      1.27039       0       1.61344      0.370224      0.780223       3.21450      0.632778       55.9674       5.07468
#218.277      1.27227       0       1.61392      0.370178      0.779457       3.20250      0.633271       55.9596       5.01878
#218.277      1.27041       3       1.61392      0.370178      0.779457       3.20250      0.633271       55.9596       5.01881
#================================================================================
# Variances and Principal Axes
#                 5        6        8        9       13       14       20  
# 1.8209E-05| -0.5455  -0.7912  -0.2744  -0.0168   0.0268  -0.0069   0.0036  
# 5.6565E-04|  0.8100  -0.5824   0.0681   0.0103  -0.0026   0.0005   0.0065  
# 2.8855E-02|  0.2119   0.1829  -0.9551  -0.0358  -0.0876   0.0118   0.0175  
# 1.1015E+00|  0.0366   0.0364  -0.0761  -0.0359   0.9799  -0.1707  -0.0296  
# 6.9631E+01| -0.0072   0.0016  -0.0290   0.7817  -0.0755  -0.6068   0.1190  
# 7.4351E+01|  0.0032   0.0022   0.0341  -0.6013  -0.1268  -0.6835   0.3924  
# 8.7889E+01| -0.0070   0.0038   0.0056   0.1564   0.0979   0.3678   0.9114  
#--------------------------------------------------------------------------------
#
#====================================================================================
#  Covariance Matrix
#        1           2           3           4           5           6           7   
#   1.177e-02  -2.571e-04   1.026e-02  -6.307e-01  -1.383e-02  -9.366e-02  -5.267e-01
#  -2.571e-04   4.401e-03  -3.959e-03   3.935e-02   4.235e-02  -6.292e-02   3.768e-01
#   1.026e-02  -3.959e-03   1.803e-01  -3.020e+00  -2.005e-01  -3.135e-01   1.204e+00
#  -6.307e-01   3.935e-02  -3.020e+00   7.158e+01   2.862e+00   2.591e+00   1.459e+00
#  -1.383e-02   4.235e-02  -2.005e-01   2.862e+00   3.492e+00   1.261e+01   3.485e+00
#  -9.366e-02  -6.292e-02  -3.135e-01   2.591e+00   1.261e+01   7.230e+01   4.494e+00
#  -5.267e-01   3.768e-01   1.204e+00   1.459e+00   3.485e+00   4.494e+00   8.544e+01
#------------------------------------------------------------------------------------
#
#========================================================================
#Model TBfeo<1>(simpl<2>(diskbb<3> + relxill<4>)) Source No.: 1   Active/On
#Model Model Component  Parameter  Unit     Value
# par  comp
#   1    1   TBfeo      nH         10^22    3.68341      frozen
#   2    1   TBfeo      O                   0.718572     frozen
#   3    1   TBfeo      Fe                  0.977861     frozen
#   4    1   TBfeo      redshift            0.0          frozen
#   5    2   simpl      Gamma               1.61392      +/-  0.108497     
#   6    2   simpl      FracSctr            0.370178     +/-  6.63413E-02  
#   7    2   simpl      UpScOnly            1.00000      frozen
#   8    3   diskbb     Tin        keV      0.779457     +/-  0.424607     
#   9    3   diskbb     norm                3.20250      +/-  8.46047      
#  10    4   relxill    Index1              3.00000      frozen
#  11    4   relxill    Index2              3.00000      frozen
#  12    4   relxill    Rbr                 15.0000      frozen
#  13    4   relxill    a                   0.633271     +/-  1.86872      
#  14    4   relxill    Incl       deg      55.9596      +/-  8.50268      
#  15    4   relxill    Rin                 -1.00000     frozen
#  16    4   relxill    Rout                400.000      frozen
#  17    4   relxill    z                   0.0          frozen
#  18    4   relxill    gamma               1.61392      = p5
#  19    4   relxill    logxi               2.89779      frozen
#  20    4   relxill    Afe                 5.01881      +/-  9.24328      
#  21    4   relxill    Ecut       keV      100.000      frozen
#  22    4   relxill    refl_frac           -1.00000     frozen
#  23    4   relxill    norm                2.37235E-04  frozen
#________________________________________________________________________
#
#
#Fit statistic  : PG-Statistic                 218.28     using 206 bins.
#
#Test statistic : Chi-Squared                  231.04     using 206 bins.
# Null hypothesis probability of 5.94e-02 with 199 degrees of freedom
#***Warning: New best fit found, fit parameters will be set to new values.
#Apparent non-monotonicity in statistic space detected.
#Current bracket values 1.58806, 1.58791
#and delta stat 0.986346, 1.05521
#but latest trial 1.58801 gives 0.928158
#Suggest that you check this result using the steppar command.
#                                   Parameters
#PG-Statistic |beta|/N    Lvl       5:Gamma    6:FracSctr         8:Tin        9:norm          13:a       14:Incl        20:Afe
#217.808      2.57609       0       1.62753      0.380808      0.760925       2.45848      0.629070       56.0144       5.02687
#217.768      1.92647      -1       1.63181      0.382005      0.759445       2.40999      0.634059       55.9719       5.49268
#217.617      4.02357      -1       1.63546      0.381977      0.753894       2.31788      0.648382       55.8809       5.05930
#217.604      0.830145      0       1.63578      0.381938      0.753154       2.30658      0.648588       55.8715       5.02282
#217.604      0.788082      2       1.63578      0.381938      0.753153       2.30657      0.648588       55.8715       5.02292
#================================================================================
# Variances and Principal Axes
#                 5        6        8        9       13       14       20  
# 1.8999E-05| -0.5440  -0.8177  -0.1851  -0.0152   0.0298  -0.0078   0.0043  
# 5.7220E-04|  0.8280  -0.5594   0.0370   0.0081  -0.0015   0.0002   0.0067  
# 7.3184E-02|  0.1303   0.1286  -0.9709  -0.0477  -0.1440   0.0213   0.0199  
# 1.1145E+00|  0.0378   0.0432  -0.1362  -0.0365   0.9745  -0.1610  -0.0368  
# 6.4317E+01|  0.0003   0.0028   0.0021   0.0465  -0.1553  -0.9794   0.1202  
# 9.9357E+01|  0.0078  -0.0002   0.0531  -0.9929  -0.0416  -0.0506  -0.0831  
# 1.0865E+02|  0.0038  -0.0060  -0.0192   0.0896  -0.0544  -0.1084  -0.9884  
#--------------------------------------------------------------------------------
#
#====================================================================================
#  Covariance Matrix
#        1           2           3           4           5           6           7   
#   1.089e-02   1.864e-04   1.843e-02  -7.358e-01  -1.826e-02  -1.103e-01  -4.720e-01
#   1.864e-04   7.926e-03  -3.941e-03  -3.052e-02   5.417e-02  -1.115e-01   6.680e-01
#   1.843e-02  -3.941e-03   4.105e-01  -5.413e+00  -2.649e-01  -1.520e-01   1.645e+00
#  -7.358e-01  -3.052e-02  -5.413e+00   9.897e+01   3.070e+00   1.017e+00  -1.056e+00
#  -1.826e-02   5.417e-02  -2.649e-01   3.070e+00   3.105e+00   1.046e+01   4.944e+00
#  -1.103e-01  -1.115e-01  -1.520e-01   1.017e+00   1.046e+01   6.326e+01   4.500e+00
#  -4.720e-01   6.680e-01   1.645e+00  -1.056e+00   4.944e+00   4.500e+00   1.078e+02
#------------------------------------------------------------------------------------
#
#========================================================================
#Model TBfeo<1>(simpl<2>(diskbb<3> + relxill<4>)) Source No.: 1   Active/On
#Model Model Component  Parameter  Unit     Value
# par  comp
#   1    1   TBfeo      nH         10^22    3.68341      frozen
#   2    1   TBfeo      O                   0.718572     frozen
#   3    1   TBfeo      Fe                  0.977861     frozen
#   4    1   TBfeo      redshift            0.0          frozen
#   5    2   simpl      Gamma               1.63578      +/-  0.104347     
#   6    2   simpl      FracSctr            0.381938     +/-  8.90267E-02  
#   7    2   simpl      UpScOnly            1.00000      frozen
#   8    3   diskbb     Tin        keV      0.753153     +/-  0.640710     
#   9    3   diskbb     norm                2.30657      +/-  9.94832      
#  10    4   relxill    Index1              3.00000      frozen
#  11    4   relxill    Index2              3.00000      frozen
#  12    4   relxill    Rbr                 15.0000      frozen
#  13    4   relxill    a                   0.648588     +/-  1.76211      
#  14    4   relxill    Incl       deg      55.8715      +/-  7.95349      
#  15    4   relxill    Rin                 -1.00000     frozen
#  16    4   relxill    Rout                400.000      frozen
#  17    4   relxill    z                   0.0          frozen
#  18    4   relxill    gamma               1.63578      = p5
#  19    4   relxill    logxi               2.89779      frozen
#  20    4   relxill    Afe                 5.02292      +/-  10.3804      
#  21    4   relxill    Ecut       keV      100.000      frozen
#  22    4   relxill    refl_frac           -1.00000     frozen
#  23    4   relxill    norm                2.37235E-04  frozen
#________________________________________________________________________
#
#
#Fit statistic  : PG-Statistic                 217.60     using 206 bins.
#
#Test statistic : Chi-Squared                  230.93     using 206 bins.
# Null hypothesis probability of 6.00e-02 with 199 degrees of freedom
#***Warning: New best fit found, fit parameters will be set to new values.
#Apparent non-monotonicity in statistic space detected.
#Current bracket values 1.60769, 1.6074
#and delta stat 0.973337, 1.01746
#but latest trial 1.6075 gives 0.972199
#Suggest that you check this result using the steppar command.
#                                   Parameters
#PG-Statistic |beta|/N    Lvl       5:Gamma    6:FracSctr         8:Tin        9:norm          13:a       14:Incl        20:Afe
#217.233      1.71575      -1       1.65291      0.395873      0.733154       1.26371      0.640744       55.7247       5.42540
#217.157      3.18719      -1       1.65567      0.395756      0.726947       1.17946      0.651553       55.6945       5.16593
#217.157      0.622135     -1       1.65793      0.395565      0.719606       1.08470      0.654677       55.6578       4.93720
#================================================================================
# Variances and Principal Axes
#                 5        6        8        9       13       14       20  
# 1.9836E-05| -0.5355  -0.8391  -0.0884  -0.0137   0.0333  -0.0097   0.0057  
# 5.8604E-04|  0.8422  -0.5390   0.0137   0.0063  -0.0002  -0.0004   0.0044  
# 3.4321E-01|  0.0462   0.0484  -0.8968  -0.0764  -0.4223   0.0760  -0.0352  
# 1.2089E+00|  0.0427   0.0547  -0.4191  -0.0648   0.8908  -0.1413  -0.0423  
# 6.6654E+01|  0.0023   0.0043  -0.0079   0.0058  -0.1605  -0.9870  -0.0056  
# 1.4207E+02| -0.0062  -0.0000  -0.1010   0.9918   0.0286   0.0015   0.0725  
# 3.6950E+02|  0.0033   0.0112  -0.0417  -0.0776   0.0198  -0.0090   0.9958  
#--------------------------------------------------------------------------------
#
#====================================================================================
#  Covariance Matrix
#        1           2           3           4           5           6           7   
#   1.307e-02   1.752e-02   1.096e-03  -9.669e-01   1.318e-02  -1.715e-01   1.135e+00
#   1.752e-02   5.210e-02  -2.173e-01  -3.268e-01   8.796e-02  -3.256e-01   4.113e+00
#   1.096e-03  -2.173e-01   2.586e+00  -1.298e+01  -9.511e-01   6.872e-01  -1.636e+01
#  -9.669e-01  -3.268e-01  -1.298e+01   1.420e+02   3.337e+00   1.039e-01  -1.834e+01
#   1.318e-02   8.796e-02  -9.511e-01   3.337e+00   2.998e+00   1.034e+01   7.587e+00
#  -1.715e-01  -3.256e-01   6.872e-01   1.039e-01   1.034e+01   6.498e+01  -2.908e+00
#   1.135e+00   4.113e+00  -1.636e+01  -1.834e+01   7.587e+00  -2.908e+00   3.672e+02
#------------------------------------------------------------------------------------
#
#========================================================================
#Model TBfeo<1>(simpl<2>(diskbb<3> + relxill<4>)) Source No.: 1   Active/On
#Model Model Component  Parameter  Unit     Value
# par  comp
#   1    1   TBfeo      nH         10^22    3.68341      frozen
#   2    1   TBfeo      O                   0.718572     frozen
#   3    1   TBfeo      Fe                  0.977861     frozen
#   4    1   TBfeo      redshift            0.0          frozen
#   5    2   simpl      Gamma               1.65793      +/-  0.114341     
#   6    2   simpl      FracSctr            0.395565     +/-  0.228251     
#   7    2   simpl      UpScOnly            1.00000      frozen
#   8    3   diskbb     Tin        keV      0.719606     +/-  1.60816      
#   9    3   diskbb     norm                1.08470      +/-  11.9160      
#  10    4   relxill    Index1              3.00000      frozen
#  11    4   relxill    Index2              3.00000      frozen
#  12    4   relxill    Rbr                 15.0000      frozen
#  13    4   relxill    a                   0.654677     +/-  1.73161      
#  14    4   relxill    Incl       deg      55.6578      +/-  8.06119      
#  15    4   relxill    Rin                 -1.00000     frozen
#  16    4   relxill    Rout                400.000      frozen
#  17    4   relxill    z                   0.0          frozen
#  18    4   relxill    gamma               1.65793      = p5
#  19    4   relxill    logxi               2.89779      frozen
#  20    4   relxill    Afe                 4.93720      +/-  19.1613      
#  21    4   relxill    Ecut       keV      100.000      frozen
#  22    4   relxill    refl_frac           -1.00000     frozen
#  23    4   relxill    norm                2.37235E-04  frozen
#________________________________________________________________________
#
#
#Fit statistic  : PG-Statistic                 217.16     using 206 bins.
#
#Test statistic : Chi-Squared                  230.78     using 206 bins.
# Null hypothesis probability of 6.07e-02 with 199 degrees of freedom
#***Warning: New best fit found, fit parameters will be set to new values.
#                                   Parameters
#PG-Statistic |beta|/N    Lvl       5:Gamma    6:FracSctr         8:Tin        9:norm          13:a       14:Incl        20:Afe
#216.983      3.61151      -1       1.68058      0.414374       2.81934   2.34861e-05      0.774785       55.2163       5.18514
#216.925      12.906       -1       1.67909      0.413613       2.82346   8.66165e-07      0.767759       55.2396       5.05859
#216.907      7.47287       0       1.67898      0.413608       2.82490   2.80124e-05      0.766087       55.2449       5.03676
#216.905      2.42645       0       1.67883      0.413572       2.82505   3.94293e-05      0.764736       55.2487       5.04427
#================================================================================
# Variances and Principal Axes
#                 5        6        8        9       13       14       20  
# 5.3795E-06| -0.2399  -0.4282  -0.0000  -0.8703   0.0397  -0.0088   0.0034  
# 1.8873E-04| -0.8422  -0.3493   0.0000   0.4066   0.0561  -0.0113   0.0014  
# 1.4037E-02|  0.4749  -0.8333   0.0000   0.2763  -0.0596   0.0105   0.0078  
# 2.7666E-01|  0.0866  -0.0133  -0.0001   0.0287   0.9917  -0.0881  -0.0178  
# 4.1166E+01|  0.0090   0.0006  -0.0016   0.0035  -0.0880  -0.9939   0.0652  
# 2.7131E+02|  0.0008  -0.0082   0.0004  -0.0005  -0.0237  -0.0633  -0.9977  
# 7.9418E+06| -0.0000  -0.0000  -1.0000   0.0000   0.0000   0.0016  -0.0005  
#--------------------------------------------------------------------------------
#
#====================================================================================
#  Covariance Matrix
#        1           2           3           4           5           6           7   
#   1.123e-02  -2.880e-03   1.368e+02  -1.170e-03  -1.861e-02  -6.015e-01  -1.193e-01
#  -2.880e-03   3.642e-02   2.594e+02  -1.125e-02   3.917e-02  -2.972e-01   2.349e+00
#   1.368e+02   2.594e+02   7.942e+06  -2.792e+02  -2.492e+02  -1.264e+04   4.147e+03
#  -1.170e-03  -1.125e-02  -2.792e+02   1.172e-02   7.158e-03   3.106e-01   3.691e-03
#  -1.861e-02   3.917e-02  -2.492e+02   7.158e-03   7.507e-01   4.380e+00   6.034e+00
#  -6.015e-01  -2.972e-01  -1.264e+04   3.106e-01   4.380e+00   6.188e+01   7.869e+00
#  -1.193e-01   2.349e+00   4.147e+03   3.691e-03   6.034e+00   7.869e+00   2.724e+02
#------------------------------------------------------------------------------------
#
#========================================================================
#Model TBfeo<1>(simpl<2>(diskbb<3> + relxill<4>)) Source No.: 1   Active/On
#Model Model Component  Parameter  Unit     Value
# par  comp
#   1    1   TBfeo      nH         10^22    3.68341      frozen
#   2    1   TBfeo      O                   0.718572     frozen
#   3    1   TBfeo      Fe                  0.977861     frozen
#   4    1   TBfeo      redshift            0.0          frozen
#   5    2   simpl      Gamma               1.67883      +/-  0.105985     
#   6    2   simpl      FracSctr            0.413572     +/-  0.190844     
#   7    2   simpl      UpScOnly            1.00000      frozen
#   8    3   diskbb     Tin        keV      2.82505      +/-  2818.12      
#   9    3   diskbb     norm                3.94293E-05  +/-  0.108246     
#  10    4   relxill    Index1              3.00000      frozen
#  11    4   relxill    Index2              3.00000      frozen
#  12    4   relxill    Rbr                 15.0000      frozen
#  13    4   relxill    a                   0.764736     +/-  0.866443     
#  14    4   relxill    Incl       deg      55.2487      +/-  7.86657      
#  15    4   relxill    Rin                 -1.00000     frozen
#  16    4   relxill    Rout                400.000      frozen
#  17    4   relxill    z                   0.0          frozen
#  18    4   relxill    gamma               1.67883      = p5
#  19    4   relxill    logxi               2.89779      frozen
#  20    4   relxill    Afe                 5.04427      +/-  16.5042      
#  21    4   relxill    Ecut       keV      100.000      frozen
#  22    4   relxill    refl_frac           -1.00000     frozen
#  23    4   relxill    norm                2.37235E-04  frozen
#________________________________________________________________________
#
#
#Fit statistic  : PG-Statistic                 216.91     using 206 bins.
#
#Test statistic : Chi-Squared                  229.71     using 206 bins.
# Null hypothesis probability of 6.68e-02 with 199 degrees of freedom
#***Warning: New best fit found, fit parameters will be set to new values.
#Apparent non-monotonicity in statistic space detected.
#Current bracket values 1.57443, 1.57285
#and delta stat 0.801024, 1.10338
#but latest trial 1.57329 gives 5.90419
#Suggest that you check this result using the steppar command.
#Apparent non-monotonicity in statistic space detected.
#Current bracket values 1.72903, 1.76305
#and delta stat 0.363296, 1.09445
#but latest trial 1.75867 gives 1.20034
#Suggest that you check this result using the steppar command.
#     5      1.57364      1.74604    (-0.104102,0.0682976)
#                                   Parameters
#PG-Statistic |beta|/N    Lvl       5:Gamma    6:FracSctr         8:Tin        9:norm          13:a       14:Incl        20:Afe
#215.218      2.55725      -2       1.60367      0.267854      0.265185       599.990      0.935518       65.1115       1.59166
#214.843      14.5655      -2       1.59776      0.260742      0.267160       693.878      0.957198       64.7222       1.03988
#214.771      7.10444      -1       1.59571      0.259104      0.266758       697.520      0.942197       64.7364       1.01274
#214.477      1.7124       -2       1.58852      0.251080      0.266511       778.354      0.943955       64.8492      0.592507
#214.021      36.0684      -2       1.56675      0.234018      0.270352       874.763      0.863073       65.0016      0.538269
#213.094      70.7365      -1       1.56517      0.233360      0.270956       890.147      0.765063       65.0029      0.501038
#213.072      8.72281       0       1.56544      0.233630      0.271070       892.935      0.848279       65.0650      0.500212
#213.051      5.38772       0       1.56532      0.233687      0.271082       894.247      0.830281       65.0989      0.500085
#213.05       9.28936       0       1.56508      0.233671      0.271067       895.118      0.822611       65.1039      0.500018
#================================================================================
# Variances and Principal Axes
#                 5        6        8        9       13       14       20  
# 3.0697E-06| -0.2208  -0.4190  -0.8807  -0.0001   0.0071  -0.0016  -0.0016  
# 1.4402E-04| -0.0021  -0.9027   0.4300  -0.0000   0.0105  -0.0028   0.0122  
# 2.0635E-03|  0.9748  -0.0972  -0.1981  -0.0000  -0.0079   0.0011  -0.0326  
# 9.4867E-01|  0.0112   0.0123  -0.0006  -0.0001   0.9929  -0.1039   0.0561  
# 4.5997E+00|  0.0309   0.0065  -0.0131  -0.0005  -0.0582  -0.0134   0.9976  
# 3.7309E+02| -0.0001   0.0018   0.0002  -0.0026  -0.1030  -0.9945  -0.0193  
# 1.8001E+06|  0.0000  -0.0000  -0.0001   1.0000  -0.0002  -0.0026   0.0005  
#--------------------------------------------------------------------------------
#
#====================================================================================
#  Covariance Matrix
#        1           2           3           4           5           6           7   
#   8.901e-03  -1.382e-03  -6.339e-03   6.615e+01  -4.149e-03  -1.238e-01   1.763e-01
#  -1.382e-03   3.540e-03   3.341e-03  -5.875e+01  -4.732e-02  -5.009e-01  -1.148e-02
#  -6.339e-03   3.341e-03   7.699e-03  -1.104e+02   1.321e-02   1.979e-01  -1.174e-01
#   6.615e+01  -5.875e+01  -1.104e+02   1.800e+06  -3.131e+02  -4.625e+03   9.031e+02
#  -4.149e-03  -4.732e-02   1.321e-02  -3.131e+02   4.966e+00   3.894e+01   3.717e-01
#  -1.238e-01  -5.009e-01   1.979e-01  -4.625e+03   3.894e+01   3.809e+02   4.785e+00
#   1.763e-01  -1.148e-02  -1.174e-01   9.031e+02   3.717e-01   4.785e+00   5.173e+00
#------------------------------------------------------------------------------------
#
#========================================================================
#Model TBfeo<1>(simpl<2>(diskbb<3> + relxill<4>)) Source No.: 1   Active/On
#Model Model Component  Parameter  Unit     Value
# par  comp
#   1    1   TBfeo      nH         10^22    3.68341      frozen
#   2    1   TBfeo      O                   0.718572     frozen
#   3    1   TBfeo      Fe                  0.977861     frozen
#   4    1   TBfeo      redshift            0.0          frozen
#   5    2   simpl      Gamma               1.56508      +/-  9.43441E-02  
#   6    2   simpl      FracSctr            0.233671     +/-  5.94979E-02  
#   7    2   simpl      UpScOnly            1.00000      frozen
#   8    3   diskbb     Tin        keV      0.271067     +/-  8.77468E-02  
#   9    3   diskbb     norm                895.118      +/-  1341.67      
#  10    4   relxill    Index1              3.00000      frozen
#  11    4   relxill    Index2              3.00000      frozen
#  12    4   relxill    Rbr                 15.0000      frozen
#  13    4   relxill    a                   0.822611     +/-  2.22856      
#  14    4   relxill    Incl       deg      65.1039      +/-  19.5162      
#  15    4   relxill    Rin                 -1.00000     frozen
#  16    4   relxill    Rout                400.000      frozen
#  17    4   relxill    z                   0.0          frozen
#  18    4   relxill    gamma               1.56508      = p5
#  19    4   relxill    logxi               2.89779      frozen
#  20    4   relxill    Afe                 0.500018     +/-  2.27450      
#  21    4   relxill    Ecut       keV      100.000      frozen
#  22    4   relxill    refl_frac           -1.00000     frozen
#  23    4   relxill    norm                2.37235E-04  frozen
#________________________________________________________________________
#
#
#Fit statistic  : PG-Statistic                 213.05     using 206 bins.
#
#Test statistic : Chi-Squared                  230.78     using 206 bins.
# Null hypothesis probability of 6.08e-02 with 199 degrees of freedom
#***Warning: New best fit found, fit parameters will be set to new values.
#Apparent non-monotonicity in statistic space detected.
#Current bracket values 1.59548, 1.62058
#and delta stat 0.413294, 1.16339
#but latest trial 1.61604 gives 1.27925
#Suggest that you check this result using the steppar command.
#     5      1.51174      1.60803    (-0.053118,0.043173)
#                                   Parameters
#PG-Statistic |beta|/N    Lvl       5:Gamma    6:FracSctr         8:Tin        9:norm          13:a       14:Incl        20:Afe
#212.217      37.04         0       1.55116      0.174284      0.234893       2383.19      0.958717       73.2223      0.500000
#212.202      37.5716       0       1.55112      0.174395      0.234845       2382.92      0.959145       73.2350      0.500000
#212.188      37.4351       0       1.55109      0.174498      0.234797       2382.61      0.959450       73.2461      0.500000
#211.917      43.4514      -1       1.55076      0.175660      0.233775       2365.62      0.954240       73.4152      0.500000
#211.89       18.4048       0       1.55074      0.175756      0.233679       2363.98      0.957874       73.4241      0.500000
#211.853      7.08818      -1       1.55187      0.176522      0.233171       2359.60      0.965782       73.5323      0.500000
#211.841      16.7561      -1       1.55230      0.176469      0.232766       2351.91      0.954808       73.4846      0.500000
#211.82       12.7008       0       1.55261      0.176591      0.232778       2353.64      0.957469       73.5036      0.500000
#211.816      1.6025        0       1.55278      0.176650      0.232760       2354.04      0.959364       73.5098      0.500000
#211.815      1.79505       0       1.55281      0.176658      0.232761       2354.17      0.959394       73.5110      0.500000
#================================================================================
# Variances and Principal Axes
#                 5        6        8        9       13       14       20  
# 1.9445E-06| -0.1728  -0.4189  -0.8910  -0.0000   0.0270  -0.0017  -0.0018  
# 9.7383E-05| -0.0130  -0.9024   0.4281  -0.0000   0.0454  -0.0031   0.0121  
# 1.3855E-03|  0.9825  -0.0889  -0.1506  -0.0000  -0.0615   0.0015  -0.0184  
# 4.9151E-02|  0.0668   0.0474  -0.0052  -0.0000   0.9949  -0.0192   0.0550  
# 2.5030E+00|  0.0143   0.0060  -0.0093  -0.0003  -0.0570  -0.0249   0.9979  
# 1.2141E+02|  0.0002   0.0023   0.0003  -0.0000  -0.0180  -0.9995  -0.0260  
# 3.0793E+07|  0.0000  -0.0000  -0.0000   1.0000   0.0000  -0.0000   0.0003  
#--------------------------------------------------------------------------------
#
#====================================================================================
#  Covariance Matrix
#        1           2           3           4           5           6           7   
#   5.058e-03  -3.720e-03  -6.229e-03   3.032e+02   3.415e-03  -3.540e-02   1.328e-01
#  -3.720e-03   6.380e-03   7.577e-03  -4.090e+02  -7.274e-03  -2.698e-01  -1.239e-01
#  -6.229e-03   7.577e-03   1.109e-02  -5.770e+02  -4.712e-03  -1.616e-02  -2.099e-01
#   3.032e+02  -4.090e+02  -5.770e+02   3.079e+07   2.755e+02  -1.005e+03   9.909e+03
#   3.415e-03  -7.274e-03  -4.712e-03   2.755e+02   9.856e-02   2.177e+00   5.761e-03
#  -3.540e-02  -2.698e-01  -1.616e-02  -1.005e+03   2.177e+00   1.213e+02   2.764e+00
#   1.328e-01  -1.239e-01  -2.099e-01   9.909e+03   5.761e-03   2.764e+00   5.763e+00
#------------------------------------------------------------------------------------
#
#========================================================================
#Model TBfeo<1>(simpl<2>(diskbb<3> + relxill<4>)) Source No.: 1   Active/On
#Model Model Component  Parameter  Unit     Value
# par  comp
#   1    1   TBfeo      nH         10^22    3.68341      frozen
#   2    1   TBfeo      O                   0.718572     frozen
#   3    1   TBfeo      Fe                  0.977861     frozen
#   4    1   TBfeo      redshift            0.0          frozen
#   5    2   simpl      Gamma               1.55281      +/-  7.11220E-02  
#   6    2   simpl      FracSctr            0.176658     +/-  7.98773E-02  
#   7    2   simpl      UpScOnly            1.00000      frozen
#   8    3   diskbb     Tin        keV      0.232761     +/-  0.105322     
#   9    3   diskbb     norm                2354.17      +/-  5549.11      
#  10    4   relxill    Index1              3.00000      frozen
#  11    4   relxill    Index2              3.00000      frozen
#  12    4   relxill    Rbr                 15.0000      frozen
#  13    4   relxill    a                   0.959394     +/-  0.313937     
#  14    4   relxill    Incl       deg      73.5110      +/-  11.0147      
#  15    4   relxill    Rin                 -1.00000     frozen
#  16    4   relxill    Rout                400.000      frozen
#  17    4   relxill    z                   0.0          frozen
#  18    4   relxill    gamma               1.55281      = p5
#  19    4   relxill    logxi               2.89779      frozen
#  20    4   relxill    Afe                 0.500000     +/-  2.40071      
#  21    4   relxill    Ecut       keV      100.000      frozen
#  22    4   relxill    refl_frac           -1.00000     frozen
#  23    4   relxill    norm                2.37235E-04  frozen
#________________________________________________________________________
#
#
#Fit statistic  : PG-Statistic                 211.82     using 206 bins.
#
#Test statistic : Chi-Squared                  229.76     using 206 bins.
# Null hypothesis probability of 6.66e-02 with 199 degrees of freedom
#***Warning: New best fit found, fit parameters will be set to new values.
#                                   Parameters
#PG-Statistic |beta|/N    Lvl       5:Gamma    6:FracSctr         8:Tin        9:norm          13:a       14:Incl        20:Afe
#211.454      2.86285      -1       1.58206      0.180045      0.216815       3413.71      0.769041       64.5619      0.500000
#211.447      1.70705       0       1.58156      0.180155      0.216863       3417.53      0.832728       64.6036      0.500000
#211.403      12.1703      -1       1.57703      0.179410      0.217357       3433.91      0.745842       64.4723      0.500000
#211.398      12.934        0       1.57702      0.179541      0.217455       3439.98      0.837398       64.5357      0.500000
#211.389      17.3238      -1       1.57362      0.178627      0.217876       3451.11      0.742237       64.4531      0.500000
#================================================================================
# Variances and Principal Axes
#                 5        6        8        9       13       14       20  
# 1.5093E-06| -0.1282  -0.3934  -0.9104  -0.0000   0.0054  -0.0007  -0.0002  
# 1.1605E-04|  0.0630  -0.9192   0.3884  -0.0000   0.0091  -0.0014   0.0137  
# 1.3833E-03|  0.9895   0.0072  -0.1425  -0.0000  -0.0116   0.0011  -0.0224  
# 6.1288E-01|  0.0141   0.0121  -0.0013  -0.0000   0.9890  -0.0902   0.1154  
# 2.2955E+00|  0.0198   0.0114  -0.0086  -0.0002  -0.1173  -0.0121   0.9927  
# 2.9544E+02| -0.0004   0.0004   0.0002  -0.0002  -0.0882  -0.9958  -0.0226  
# 5.8769E+07|  0.0000  -0.0000  -0.0000   1.0000  -0.0000  -0.0002   0.0002  
#--------------------------------------------------------------------------------
#
#====================================================================================
#  Covariance Matrix
#        1           2           3           4           5           6           7   
#   3.933e-03  -2.458e-03  -3.910e-03   2.987e+02   1.152e-02   6.120e-02   9.750e-02
#  -2.458e-03   6.606e-03   6.346e-03  -5.977e+02  -2.699e-03  -1.655e-02  -7.380e-02
#  -3.910e-03   6.346e-03   7.397e-03  -6.492e+02   5.272e-04   5.724e-02  -1.272e-01
#   2.987e+02  -5.977e+02  -6.492e+02   5.877e+07  -2.937e+02  -9.508e+03   9.636e+03
#   1.152e-02  -2.699e-03   5.272e-04  -2.937e+02   2.932e+00   2.595e+01   3.424e-01
#   6.120e-02  -1.655e-02   5.724e-02  -9.508e+03   2.595e+01   2.945e+02   5.044e+00
#   9.750e-02  -7.380e-02  -1.272e-01   9.636e+03   3.424e-01   5.044e+00   4.001e+00
#------------------------------------------------------------------------------------
#
#========================================================================
#Model TBfeo<1>(simpl<2>(diskbb<3> + relxill<4>)) Source No.: 1   Active/On
#Model Model Component  Parameter  Unit     Value
# par  comp
#   1    1   TBfeo      nH         10^22    3.68341      frozen
#   2    1   TBfeo      O                   0.718572     frozen
#   3    1   TBfeo      Fe                  0.977861     frozen
#   4    1   TBfeo      redshift            0.0          frozen
#   5    2   simpl      Gamma               1.57362      +/-  6.27169E-02  
#   6    2   simpl      FracSctr            0.178627     +/-  8.12788E-02  
#   7    2   simpl      UpScOnly            1.00000      frozen
#   8    3   diskbb     Tin        keV      0.217876     +/-  8.60032E-02  
#   9    3   diskbb     norm                3451.11      +/-  7666.10      
#  10    4   relxill    Index1              3.00000      frozen
#  11    4   relxill    Index2              3.00000      frozen
#  12    4   relxill    Rbr                 15.0000      frozen
#  13    4   relxill    a                   0.742237     +/-  1.71232      
#  14    4   relxill    Incl       deg      64.4531      +/-  17.1619      
#  15    4   relxill    Rin                 -1.00000     frozen
#  16    4   relxill    Rout                400.000      frozen
#  17    4   relxill    z                   0.0          frozen
#  18    4   relxill    gamma               1.57362      = p5
#  19    4   relxill    logxi               2.89779      frozen
#  20    4   relxill    Afe                 0.500000     +/-  2.00016      
#  21    4   relxill    Ecut       keV      100.000      frozen
#  22    4   relxill    refl_frac           -1.00000     frozen
#  23    4   relxill    norm                2.37235E-04  frozen
#________________________________________________________________________
#
#
#Fit statistic  : PG-Statistic                 211.39     using 206 bins.
#
#Test statistic : Chi-Squared                  227.33     using 206 bins.
# Null hypothesis probability of 8.22e-02 with 199 degrees of freedom
#***Warning: New best fit found, fit parameters will be set to new values.
#Apparent non-monotonicity in statistic space detected.
#Current bracket values 1.52876, 1.51091
#and delta stat 0.865909, 1.9542
#but latest trial 1.52612 gives 0.816604
