#XSPEC version: 12.11.0
#Build Date/Time: Thu Jul  2 16:22:45 2020
#
!XSPEC12> error 1. 5 6 8
# Parameter   Confidence Range (1)
#                                   Parameters
#PG-Statistic |beta|/N    Lvl       5:Gamma    6:FracSctr         8:Tin        9:norm          13:a       14:Incl        20:Afe
#173.331      26.1212       0       3.55829     0.0368205       2.82513     0.0278778      0.886457       72.9568      0.978919
#================================================================================
# Variances and Principal Axes
#                 5        6        8        9       13       14       20  
# 5.7864E-07| -0.0477   0.1387   0.0314   0.9887  -0.0003   0.0004  -0.0011  
# 2.7132E-05|  0.3121  -0.9385   0.0189   0.1462   0.0029  -0.0030   0.0089  
# 7.5406E-03| -0.9481  -0.3160  -0.0151  -0.0010   0.0062   0.0059  -0.0301  
# 9.8384E-02| -0.0197   0.0081   0.9949  -0.0337  -0.0881   0.0199   0.0219  
# 1.8014E-01| -0.0064  -0.0056  -0.0915   0.0032  -0.9849   0.0861   0.1189  
# 4.7247E+00|  0.0267   0.0007   0.0147  -0.0002  -0.1413  -0.2947  -0.9446  
# 3.8925E+01| -0.0162   0.0005   0.0078  -0.0004  -0.0471  -0.9515   0.3036  
#--------------------------------------------------------------------------------
#
#====================================================================================
#  Covariance Matrix
#        1           2           3           4           5           6           7   
#   2.040e-02   2.022e-03  -4.801e-03   3.028e-04   1.310e-02   5.620e-01  -3.105e-01
#   2.022e-03   8.010e-04   1.122e-03  -4.022e-05  -4.726e-04  -1.936e-02   2.604e-03
#  -4.801e-03   1.122e-03   1.023e-01  -3.492e-03  -1.659e-02  -3.106e-01   2.741e-02
#   3.028e-04  -4.022e-05  -3.492e-03   1.216e-04   6.423e-04   1.576e-02  -3.882e-03
#   1.310e-02  -4.726e-04  -1.659e-02   6.423e-04   3.563e-01   1.927e+00   5.266e-02
#   5.620e-01  -1.936e-02  -3.106e-01   1.576e-02   1.927e+00   3.565e+01  -9.926e+00
#  -3.105e-01   2.604e-03   2.741e-02  -3.882e-03   5.266e-02  -9.926e+00   7.805e+00
#------------------------------------------------------------------------------------
#
#========================================================================
#Model TBfeo<1>(simpl<2>(diskbb<3> + relxill<4>)) Source No.: 1   Active/On
#Model Model Component  Parameter  Unit     Value
# par  comp
#   1    1   TBfeo      nH         10^22    3.68341      frozen
#   2    1   TBfeo      O                   0.718572     frozen
#   3    1   TBfeo      Fe                  0.977861     frozen
#   4    1   TBfeo      redshift            0.0          frozen
#   5    2   simpl      Gamma               3.55829      +/-  0.142824     
#   6    2   simpl      FracSctr            3.68205E-02  +/-  2.83021E-02  
#   7    2   simpl      UpScOnly            1.00000      frozen
#   8    3   diskbb     Tin        keV      2.82513      +/-  0.319854     
#   9    3   diskbb     norm                2.78778E-02  +/-  1.10255E-02  
#  10    4   relxill    Index1              3.00000      frozen
#  11    4   relxill    Index2              3.00000      frozen
#  12    4   relxill    Rbr                 15.0000      frozen
#  13    4   relxill    a                   0.886457     +/-  0.596910     
#  14    4   relxill    Incl       deg      72.9568      +/-  5.97079      
#  15    4   relxill    Rin                 -1.00000     frozen
#  16    4   relxill    Rout                400.000      frozen
#  17    4   relxill    z                   0.0          frozen
#  18    4   relxill    gamma               3.55829      = p5
#  19    4   relxill    logxi               2.72449      frozen
#  20    4   relxill    Afe                 0.978919     +/-  2.79379      
#  21    4   relxill    Ecut       keV      100.000      frozen
#  22    4   relxill    refl_frac           -1.00000     frozen
#  23    4   relxill    norm                4.69030E-04  frozen
#________________________________________________________________________
#
#
#Fit statistic  : PG-Statistic                 173.33     using 189 bins.
#
#Test statistic : Chi-Squared                  164.11     using 189 bins.
# Null hypothesis probability of 8.25e-01 with 182 degrees of freedom
#***Warning: New best fit found, fit parameters will be set to new values.
#Apparent non-monotonicity in statistic space detected.
#Current bracket values 3.60069, 3.59806
#and delta stat 0.961353, 1.08926
#but latest trial 3.59978 gives 0.934301
#Suggest that you check this result using the steppar command.
#                                   Parameters
#PG-Statistic |beta|/N    Lvl       5:Gamma    6:FracSctr         8:Tin        9:norm          13:a       14:Incl        20:Afe
#172.922      39.6338       0       3.65088     0.0737333       2.82513     0.0281011      0.885016       73.4477       1.01977
#================================================================================
# Variances and Principal Axes
#                 5        6        8        9       13       14       20  
# 5.7975E-07| -0.0595   0.1079   0.0317   0.9919  -0.0002   0.0004  -0.0005  
# 3.5394E-05|  0.4413  -0.8887   0.0200   0.1225   0.0031  -0.0035   0.0054  
# 7.1115E-03| -0.8925  -0.4451  -0.0660  -0.0030  -0.0309  -0.0022   0.0034  
# 1.0226E-01| -0.0629  -0.0141   0.9922  -0.0340  -0.0995   0.0176  -0.0108  
# 2.5205E-01|  0.0353   0.0124  -0.0977   0.0037  -0.9909   0.0746   0.0387  
# 2.2711E+01|  0.0018   0.0053   0.0115  -0.0004  -0.0724  -0.9934   0.0877  
# 8.5418E+01| -0.0016   0.0052   0.0137  -0.0006   0.0440   0.0848   0.9953  
#--------------------------------------------------------------------------------
#
#====================================================================================
#  Covariance Matrix
#        1           2           3           4           5           6           7   
#   6.684e-03   2.507e-03  -8.237e-03   3.391e-04  -1.696e-02  -5.165e-02  -1.325e-01
#   2.507e-03   4.480e-03   5.984e-03  -2.644e-04   8.202e-03  -8.069e-02   4.569e-01
#  -8.237e-03   5.984e-03   1.221e-01  -4.372e-03   4.673e-02  -1.609e-01   1.183e+00
#   3.391e-04  -2.644e-04  -4.372e-03   1.596e-04  -2.177e-03   5.387e-03  -5.351e-02
#  -1.696e-02   8.202e-03   4.673e-02  -2.177e-03   5.326e-01   1.933e+00   3.584e+00
#  -5.165e-02  -8.069e-02  -1.609e-01   5.387e-03   1.933e+00   2.303e+01   5.234e+00
#  -1.325e-01   4.569e-01   1.183e+00  -5.351e-02   3.584e+00   5.234e+00   8.480e+01
#------------------------------------------------------------------------------------
#
#========================================================================
#Model TBfeo<1>(simpl<2>(diskbb<3> + relxill<4>)) Source No.: 1   Active/On
#Model Model Component  Parameter  Unit     Value
# par  comp
#   1    1   TBfeo      nH         10^22    3.68341      frozen
#   2    1   TBfeo      O                   0.718572     frozen
#   3    1   TBfeo      Fe                  0.977861     frozen
#   4    1   TBfeo      redshift            0.0          frozen
#   5    2   simpl      Gamma               3.65088      +/-  8.17538E-02  
#   6    2   simpl      FracSctr            7.37333E-02  +/-  6.69341E-02  
#   7    2   simpl      UpScOnly            1.00000      frozen
#   8    3   diskbb     Tin        keV      2.82513      +/-  0.349390     
#   9    3   diskbb     norm                2.81011E-02  +/-  1.26334E-02  
#  10    4   relxill    Index1              3.00000      frozen
#  11    4   relxill    Index2              3.00000      frozen
#  12    4   relxill    Rbr                 15.0000      frozen
#  13    4   relxill    a                   0.885016     +/-  0.729805     
#  14    4   relxill    Incl       deg      73.4477      +/-  4.79891      
#  15    4   relxill    Rin                 -1.00000     frozen
#  16    4   relxill    Rout                400.000      frozen
#  17    4   relxill    z                   0.0          frozen
#  18    4   relxill    gamma               3.65088      = p5
#  19    4   relxill    logxi               2.72449      frozen
#  20    4   relxill    Afe                 1.01977      +/-  9.20843      
#  21    4   relxill    Ecut       keV      100.000      frozen
#  22    4   relxill    refl_frac           -1.00000     frozen
#  23    4   relxill    norm                4.69030E-04  frozen
#________________________________________________________________________
#
#
#Fit statistic  : PG-Statistic                 172.92     using 189 bins.
#
#Test statistic : Chi-Squared                  163.71     using 189 bins.
# Null hypothesis probability of 8.31e-01 with 182 degrees of freedom
#***Warning: New best fit found, fit parameters will be set to new values.
#Apparent non-monotonicity in statistic space detected.
#Current bracket values 3.80597, 3.89731
#and delta stat 0, 1.05972
#but latest trial 3.89363 gives 1.22927
#Suggest that you check this result using the steppar command.
#     5       3.5304      3.67796    (-0.120476,0.0270885)
#Apparent non-monotonicity in statistic space detected.
#Current bracket values 0.117467, 0.207576
#and delta stat 0.737785, 1.04197
#but latest trial 0.153682 gives 1.36887
#Suggest that you check this result using the steppar command.
#     6    0.0229935     0.162522    (-0.0507146,0.0888136)
#                                   Parameters
#PG-Statistic |beta|/N    Lvl       5:Gamma    6:FracSctr         8:Tin        9:norm          13:a       14:Incl        20:Afe
#================================================================================
# Variances and Principal Axes
#                 5        6        8        9       13       14       20  
# 5.3653E-07| -0.0577   0.1068   0.0302   0.9921  -0.0007   0.0003  -0.0008  
# 3.3560E-05|  0.4335  -0.8927   0.0190   0.1207   0.0081  -0.0033   0.0143  
# 6.6109E-03| -0.8961  -0.4374  -0.0632  -0.0032  -0.0405  -0.0015  -0.0090  
# 1.0081E-01| -0.0459  -0.0117   0.9413  -0.0304  -0.2887   0.0292  -0.1628  
# 1.5658E-01|  0.0532   0.0146  -0.2673   0.0091  -0.9498   0.0731   0.1339  
# 1.8707E+00|  0.0296  -0.0048  -0.1915   0.0073  -0.0872  -0.0700  -0.9746  
# 3.4689E+01|  0.0004   0.0047   0.0215  -0.0008  -0.0722  -0.9944   0.0736  
#--------------------------------------------------------------------------------
#
#====================================================================================
#  Covariance Matrix
#        1           2           3           4           5           6           7   
#   7.616e-03   2.550e-03  -1.654e-02   6.294e-04  -1.212e-02  -1.660e-02  -5.111e-02
#   2.550e-03   2.154e-03   3.703e-03  -1.337e-04  -1.274e-02  -1.620e-01   2.135e-02
#  -1.654e-02   3.703e-03   1.852e-01  -6.463e-03  -1.019e-02  -7.167e-01   3.831e-01
#   6.294e-04  -1.337e-04  -6.463e-03   2.281e-04   3.439e-04   2.654e-02  -1.461e-02
#  -1.212e-02  -1.274e-02  -1.019e-02   3.439e-04   3.445e-01   2.489e+00  -4.056e-02
#  -1.660e-02  -1.620e-01  -7.167e-01   2.654e-02   2.489e+00   3.431e+01  -2.412e+00
#  -5.111e-02   2.135e-02   3.831e-01  -1.461e-02  -4.056e-02  -2.412e+00   1.970e+00
#------------------------------------------------------------------------------------
#
#========================================================================
#Model TBfeo<1>(simpl<2>(diskbb<3> + relxill<4>)) Source No.: 1   Active/On
#Model Model Component  Parameter  Unit     Value
# par  comp
#   1    1   TBfeo      nH         10^22    3.68341      frozen
#   2    1   TBfeo      O                   0.718572     frozen
#   3    1   TBfeo      Fe                  0.977861     frozen
#   4    1   TBfeo      redshift            0.0          frozen
#   5    2   simpl      Gamma               3.65058      +/-  8.72725E-02  
#   6    2   simpl      FracSctr            7.04341E-02  +/-  4.64150E-02  
#   7    2   simpl      UpScOnly            1.00000      frozen
#   8    3   diskbb     Tin        keV      2.86396      +/-  0.430352     
#   9    3   diskbb     norm                2.72130E-02  +/-  1.51031E-02  
#  10    4   relxill    Index1              3.00000      frozen
#  11    4   relxill    Index2              3.00000      frozen
#  12    4   relxill    Rbr                 15.0000      frozen
#  13    4   relxill    a                   0.901732     +/-  0.586928     
#  14    4   relxill    Incl       deg      73.7175      +/-  5.85778      
#  15    4   relxill    Rin                 -1.00000     frozen
#  16    4   relxill    Rout                400.000      frozen
#  17    4   relxill    z                   0.0          frozen
#  18    4   relxill    gamma               3.65058      = p5
#  19    4   relxill    logxi               2.72449      frozen
#  20    4   relxill    Afe                 0.966576     +/-  1.40373      
#  21    4   relxill    Ecut       keV      100.000      frozen
#  22    4   relxill    refl_frac           -1.00000     frozen
#  23    4   relxill    norm                4.69030E-04  frozen
#________________________________________________________________________
#
#
#Fit statistic  : PG-Statistic                 172.58     using 189 bins.
#
#Test statistic : Chi-Squared                  165.41     using 189 bins.
# Null hypothesis probability of 8.06e-01 with 182 degrees of freedom
#***Warning: New best fit found, fit parameters will be set to new values.
#                                   Parameters
#PG-Statistic |beta|/N    Lvl       5:Gamma    6:FracSctr         8:Tin        9:norm          13:a       14:Incl        20:Afe
#171.764      4.66672       0       3.59570     0.0529155       3.00000     0.0229433      0.879646       72.8804       1.01216
#171.761      2.49171       0       3.59573     0.0529090       3.00000     0.0229432      0.879603       72.8868       1.00194
#================================================================================
# Variances and Principal Axes
#                 5        6        8        9       13       14       20  
# 3.9993E-07| -0.0429   0.1009   0.0120   0.9939  -0.0002   0.0003  -0.0004  
# 3.0503E-05|  0.3669  -0.9237   0.0077   0.1095   0.0030  -0.0033   0.0043  
# 7.6890E-03| -0.9291  -0.3695  -0.0138  -0.0024  -0.0096   0.0027   0.0006  
# 2.3169E-01| -0.0092  -0.0008  -0.0657   0.0007   0.9932  -0.0855  -0.0429  
# 5.4490E-01| -0.0156   0.0007   0.9972  -0.0127   0.0677   0.0231  -0.0023  
# 2.2931E+01| -0.0035   0.0033   0.0274  -0.0004  -0.0685  -0.9573   0.2795  
# 7.6828E+01| -0.0005   0.0034  -0.0086   0.0001   0.0645   0.2752   0.9592  
#--------------------------------------------------------------------------------
#
#====================================================================================
#  Covariance Matrix
#        1           2           3           4           5           6           7   
#   7.101e-03   2.231e-03  -1.018e-02   1.559e-04   5.334e-04   6.757e-02  -5.838e-02
#   2.231e-03   2.233e-03   2.132e-04  -1.258e-05   1.183e-02   1.317e-03   2.749e-01
#  -1.018e-02   2.132e-04   5.658e-01  -7.235e-03  -6.402e-02  -7.702e-01  -4.574e-01
#   1.559e-04  -1.258e-05  -7.235e-03   9.351e-05   6.884e-04   1.030e-02   2.723e-03
#   5.334e-04   1.183e-02  -6.402e-02   6.884e-04   6.586e-01   2.850e+00   4.305e+00
#   6.757e-02   1.317e-03  -7.702e-01   1.030e-02   2.850e+00   2.684e+01   1.415e+01
#  -5.838e-02   2.749e-01  -4.574e-01   2.723e-03   4.305e+00   1.415e+01   7.247e+01
#------------------------------------------------------------------------------------
#
#========================================================================
#Model TBfeo<1>(simpl<2>(diskbb<3> + relxill<4>)) Source No.: 1   Active/On
#Model Model Component  Parameter  Unit     Value
# par  comp
#   1    1   TBfeo      nH         10^22    3.68341      frozen
#   2    1   TBfeo      O                   0.718572     frozen
#   3    1   TBfeo      Fe                  0.977861     frozen
#   4    1   TBfeo      redshift            0.0          frozen
#   5    2   simpl      Gamma               3.59573      +/-  8.42685E-02  
#   6    2   simpl      FracSctr            5.29090E-02  +/-  4.72537E-02  
#   7    2   simpl      UpScOnly            1.00000      frozen
#   8    3   diskbb     Tin        keV      3.00000      +/-  0.752214     
#   9    3   diskbb     norm                2.29432E-02  +/-  9.66991E-03  
#  10    4   relxill    Index1              3.00000      frozen
#  11    4   relxill    Index2              3.00000      frozen
#  12    4   relxill    Rbr                 15.0000      frozen
#  13    4   relxill    a                   0.879603     +/-  0.811563     
#  14    4   relxill    Incl       deg      72.8868      +/-  5.18031      
#  15    4   relxill    Rin                 -1.00000     frozen
#  16    4   relxill    Rout                400.000      frozen
#  17    4   relxill    z                   0.0          frozen
#  18    4   relxill    gamma               3.59573      = p5
#  19    4   relxill    logxi               2.72449      frozen
#  20    4   relxill    Afe                 1.00194      +/-  8.51314      
#  21    4   relxill    Ecut       keV      100.000      frozen
#  22    4   relxill    refl_frac           -1.00000     frozen
#  23    4   relxill    norm                4.69030E-04  frozen
#________________________________________________________________________
#
#
#Fit statistic  : PG-Statistic                 171.76     using 189 bins.
#
#Test statistic : Chi-Squared                  165.36     using 189 bins.
# Null hypothesis probability of 8.07e-01 with 182 degrees of freedom
#***Warning: New best fit found, fit parameters will be set to new values.
#                                   Parameters
#PG-Statistic |beta|/N    Lvl       5:Gamma    6:FracSctr         8:Tin        9:norm          13:a       14:Incl        20:Afe
#171.683      4.58101       0       3.62654     0.0631704       3.00000     0.0230674      0.896088       73.5565       1.00816
#171.683      3.78129       0       3.62654     0.0631599       3.00000     0.0230680      0.895987       73.5551       1.00541
#================================================================================
# Variances and Principal Axes
#                 5        6        8        9       13       14       20  
# 4.0003E-07| -0.0470   0.0961   0.0120   0.9942  -0.0004   0.0003  -0.0004  
# 3.1323E-05|  0.4063  -0.9074   0.0078   0.1068   0.0057  -0.0033   0.0056  
# 6.9706E-03| -0.9118  -0.4090  -0.0197  -0.0033  -0.0313   0.0002  -0.0003  
# 1.6392E-01| -0.0292  -0.0074  -0.0751   0.0007   0.9930  -0.0787  -0.0345  
# 5.5180E-01| -0.0226  -0.0031   0.9953  -0.0128   0.0742   0.0185  -0.0526  
# 2.6839E+01| -0.0002   0.0040   0.0294  -0.0004  -0.0726  -0.9912   0.1062  
# 7.3265E+01| -0.0047   0.0042   0.0470  -0.0008   0.0462   0.1043   0.9923  
#--------------------------------------------------------------------------------
#
#====================================================================================
#  Covariance Matrix
#        1           2           3           4           5           6           7   
#   7.868e-03   1.194e-03  -2.840e-02   4.449e-04  -2.115e-02  -3.089e-02  -3.442e-01
#   1.194e-03   2.897e-03   1.594e-02  -2.494e-04   5.176e-03  -7.323e-02   3.144e-01
#  -2.840e-02   1.594e-02   7.326e-01  -9.987e-03   1.303e-01  -4.129e-01   3.471e+00
#   4.449e-04  -2.494e-04  -9.987e-03   1.384e-04  -2.163e-03   5.319e-03  -5.604e-02
#  -2.115e-02   5.176e-03   1.303e-01  -2.163e-03   4.629e-01   2.274e+00   3.147e+00
#  -3.089e-02  -7.323e-02  -4.129e-01   5.319e-03   2.274e+00   2.717e+01   4.759e+00
#  -3.442e-01   3.144e-01   3.471e+00  -5.604e-02   3.147e+00   4.759e+00   7.245e+01
#------------------------------------------------------------------------------------
#
#========================================================================
#Model TBfeo<1>(simpl<2>(diskbb<3> + relxill<4>)) Source No.: 1   Active/On
#Model Model Component  Parameter  Unit     Value
# par  comp
#   1    1   TBfeo      nH         10^22    3.68341      frozen
#   2    1   TBfeo      O                   0.718572     frozen
#   3    1   TBfeo      Fe                  0.977861     frozen
#   4    1   TBfeo      redshift            0.0          frozen
#   5    2   simpl      Gamma               3.62654      +/-  8.87012E-02  
#   6    2   simpl      FracSctr            6.31599E-02  +/-  5.38280E-02  
#   7    2   simpl      UpScOnly            1.00000      frozen
#   8    3   diskbb     Tin        keV      3.00000      +/-  0.855910     
#   9    3   diskbb     norm                2.30680E-02  +/-  1.17633E-02  
#  10    4   relxill    Index1              3.00000      frozen
#  11    4   relxill    Index2              3.00000      frozen
#  12    4   relxill    Rbr                 15.0000      frozen
#  13    4   relxill    a                   0.895987     +/-  0.680396     
#  14    4   relxill    Incl       deg      73.5551      +/-  5.21240      
#  15    4   relxill    Rin                 -1.00000     frozen
#  16    4   relxill    Rout                400.000      frozen
#  17    4   relxill    z                   0.0          frozen
#  18    4   relxill    gamma               3.62654      = p5
#  19    4   relxill    logxi               2.72449      frozen
#  20    4   relxill    Afe                 1.00541      +/-  8.51183      
#  21    4   relxill    Ecut       keV      100.000      frozen
#  22    4   relxill    refl_frac           -1.00000     frozen
#  23    4   relxill    norm                4.69030E-04  frozen
#________________________________________________________________________
#
#
#Fit statistic  : PG-Statistic                 171.68     using 189 bins.
#
#Test statistic : Chi-Squared                  165.58     using 189 bins.
# Null hypothesis probability of 8.03e-01 with 182 degrees of freedom
#***Warning: New best fit found, fit parameters will be set to new values.
#Apparent non-monotonicity in statistic space detected.
#Current bracket values 3.85345, 3.86703
#and delta stat 0.856841, 1.10703
#but latest trial 3.86098 gives 1.11271
#Suggest that you check this result using the steppar command.
#     5      3.53615      3.68294    (-0.0903859,0.0563997)
#     6    0.0252616     0.137981    (-0.0378983,0.0748206)
#
#***Warning: Number of trials exceeded before bracketing of delta fit-stat.
#Last attempt: 3, with delta statistic: 0
#
#
#***Warning: Number of trials exceeded before bracketing of delta fit-stat.
#Last attempt: 3, with delta statistic: 0
#
#***Warning: Error search cannot find bracket around delta fit-stat,
#   will automatically exit from trials loop.
#   parameter lower  bound is INVALID.
#
#
#***Warning: Number of trials exceeded before bracketing of delta fit-stat.
#Last attempt: 3, with delta statistic: 0
#
#
#***Warning: Number of trials exceeded before bracketing of delta fit-stat.
#Last attempt: 3, with delta statistic: 0
#
#***Warning: Error search cannot find bracket around delta fit-stat,
#   will automatically exit from trials loop.
#   parameter upper  bound is INVALID.
#
#     8      2.69285            0    (-0.307147,-3)
#
!XSPEC12> log none
#