#XSPEC version: 12.11.0
#Build Date/Time: Thu Jul  2 16:22:45 2020
#
!XSPEC12> error 1. 5 6 8
# Parameter   Confidence Range (1)
#                                   Parameters
#PG-Statistic |beta|/N    Lvl       5:Gamma    6:FracSctr         8:Tin        9:norm          13:a       14:Incl        20:Afe
#155.156      3.31957       0       1.30000      0.584383       2.82513     0.0177016      0.998000       5.00000      0.500000
#155.156      3.21246       1       1.30000      0.584469       2.82513     0.0177010      0.998000       5.00000      0.500000
#================================================================================
# Variances and Principal Axes
#                 5        6        8        9       13       14       20  
# 3.6319E-06| -0.0079   0.0112  -0.0190  -0.9997   0.0000  -0.0000  -0.0000  
# 3.6431E-01| -0.0912  -0.9420  -0.3230  -0.0037   0.0000   0.0000   0.0000  
# 5.8874E+02|  0.0571   0.3187  -0.9459   0.0211  -0.0000   0.0000   0.0000  
# 1.1910E+04|  0.9942  -0.1046   0.0245  -0.0095  -0.0000   0.0000   0.0000  
# 2.1121E+14| -0.0000   0.0000   0.0000   0.0000  -0.9849   0.0006   0.1729  
# 2.0461E+18|  0.0000  -0.0000  -0.0000  -0.0000  -0.1729  -0.0083  -0.9849  
# 2.8208E+22|  0.0000   0.0000  -0.0000   0.0000   0.0009  -1.0000   0.0083  
#--------------------------------------------------------------------------------
#
#====================================================================================
#  Covariance Matrix
#        1           2           3           4           5           6           7   
#   1.985e+06  -1.378e+05  -6.528e+05  -3.912e+03  -1.923e+11  -1.007e+14  -7.957e+11
#  -1.378e+05   1.666e+05  -9.756e+04   4.509e+03   1.100e+11  -5.173e+13   8.055e+11
#  -6.528e+05  -9.756e+04   3.627e+05  -2.916e+03  -1.619e+10   9.094e+13  -3.972e+11
#  -3.912e+03   4.509e+03  -2.916e+03   1.287e+02   2.825e+09  -1.470e+12   2.136e+10
#  -1.923e+11   1.100e+11  -1.619e+10   2.825e+09   8.225e+16  -2.428e+19   5.503e+17
#  -1.007e+14  -5.173e+13   9.094e+13  -1.470e+12  -2.428e+19   2.821e+22  -2.346e+20
#  -7.957e+11   8.055e+11  -3.972e+11   2.136e+10   5.503e+17  -2.346e+20   3.936e+18
#------------------------------------------------------------------------------------
#
#========================================================================
#Model TBfeo<1>(simpl<2>(diskbb<3> + relxill<4>)) Source No.: 1   Active/On
#Model Model Component  Parameter  Unit     Value
# par  comp
#   1    1   TBfeo      nH         10^22    3.68341      frozen
#   2    1   TBfeo      O                   0.718572     frozen
#   3    1   TBfeo      Fe                  0.977861     frozen
#   4    1   TBfeo      redshift            0.0          frozen
#   5    2   simpl      Gamma               1.30000      +/-  1408.98      
#   6    2   simpl      FracSctr            0.584469     +/-  408.145      
#   7    2   simpl      UpScOnly            1.00000      frozen
#   8    3   diskbb     Tin        keV      2.82513      +/-  602.241      
#   9    3   diskbb     norm                1.77010E-02  +/-  11.3463      
#  10    4   relxill    Index1              3.00000      frozen
#  11    4   relxill    Index2              3.00000      frozen
#  12    4   relxill    Rbr                 15.0000      frozen
#  13    4   relxill    a                   0.998000     +/-  2.86800E+08  
#  14    4   relxill    Incl       deg      5.00000      +/-  1.67947E+11  
#  15    4   relxill    Rin                 -1.00000     frozen
#  16    4   relxill    Rout                400.000      frozen
#  17    4   relxill    z                   0.0          frozen
#  18    4   relxill    gamma               1.30000      = p5
#  19    4   relxill    logxi               4.70000      frozen
#  20    4   relxill    Afe                 0.500000     +/-  1.98395E+09  
#  21    4   relxill    Ecut       keV      100.000      frozen
#  22    4   relxill    refl_frac           -1.00000     frozen
#  23    4   relxill    norm                2.54510E-10  frozen
#________________________________________________________________________
#
#
#Fit statistic  : PG-Statistic                 155.16     using 139 bins.
#
#Test statistic : Chi-Squared                  171.59     using 139 bins.
# Null hypothesis probability of 1.16e-02 with 132 degrees of freedom
#***Warning: New best fit found, fit parameters will be set to new values.
#
#***Warning: Number of trials exceeded before bracketing of delta fit-stat.
#Last attempt: 1.3, with delta statistic: 0
#
#
#***Warning: Number of trials exceeded before bracketing of delta fit-stat.
#Last attempt: 1.3, with delta statistic: 0
#
#
#***Warning: Number of trials exceeded before bracketing of delta fit-stat.
#Last attempt: 1.3, with delta statistic: 0
#
#***Warning: Error search cannot find bracket around delta fit-stat,
#   will automatically exit from trials loop.
#   parameter lower  bound is INVALID.
#
#
#***Warning: Number of trials exceeded before bracketing of delta fit-stat.
#Last attempt: 1.3, with delta statistic: 0
#
#
#***Warning: Number of trials exceeded before bracketing of delta fit-stat.
#Last attempt: 4.5, with delta statistic: 0.224778
#
#
#***Warning: Number of trials exceeded before bracketing of delta fit-stat.
#Last attempt: 4.5, with delta statistic: 0.211351
#
#
#***Warning: Number of trials exceeded before bracketing of delta fit-stat.
#Last attempt: 4.5, with delta statistic: 0.211351
#
#***Warning: Error search cannot find bracket around delta fit-stat,
#   will automatically exit from trials loop.
#   parameter upper  bound is INVALID.
#
#     5            0            0    (-1.3,-1.3)
#