#XSPEC version: 12.11.0
#Build Date/Time: Thu Jul  2 16:22:45 2020
#
!XSPEC12> error 1. 5 6 8
# Parameter   Confidence Range (1)
#Apparent non-monotonicity in statistic space detected.
#Current bracket values 1.33992, 0.224566
#and delta stat 0, 1.08815
#but latest trial 0.270696 gives 1.96325
#Suggest that you check this result using the steppar command.
#Apparent non-monotonicity in statistic space detected.
#Current bracket values 2.38787, 2.45542
#and delta stat 0.471231, 1.13309
#but latest trial 2.44244 gives 1.49878
#Suggest that you check this result using the steppar command.
#     5      1.36477      2.42164    (-0.0314181,1.02545)
#                                   Parameters
#PG-Statistic |beta|/N    Lvl       5:Gamma    6:FracSctr         8:Tin        9:norm          13:a       14:Incl        20:Afe
#87.7609      2.19775       0       1.39620      0.999000      0.768673     0.0362471     -0.998000       59.5877      0.500000
#87.7584      0.896346      0       1.39621      0.999000      0.763746     0.0361366     -0.998000       59.5916      0.500000
#87.7524      1.3557        0       1.39622      0.999000      0.748387     0.0366740     -0.998000       59.6106      0.500000
#================================================================================
# Variances and Principal Axes
#                 5        6        8        9       13       14       20  
# 4.9268E-05| -0.9965  -0.0249  -0.0122  -0.0789  -0.0000  -0.0024   0.0046  
# 5.6455E-02|  0.0138  -0.9901   0.0352   0.1341   0.0023   0.0031   0.0161  
# 1.0537E+00|  0.0825  -0.1358  -0.1920  -0.9670  -0.0061  -0.0077   0.0518  
# 5.2646E+02|  0.0005  -0.0210   0.1389  -0.0780   0.1581   0.0308  -0.9738  
# 8.3178E+03| -0.0027  -0.0131  -0.8764   0.1686  -0.3546  -0.1919  -0.2018  
# 3.8784E+04|  0.0013  -0.0001   0.4041  -0.0777  -0.8894  -0.1794  -0.0862  
# 3.1532E+05| -0.0022   0.0000  -0.1053   0.0132  -0.2411   0.9644  -0.0247  
#--------------------------------------------------------------------------------
#
#====================================================================================
#  Covariance Matrix
#        1           2           3           4           5           6           7   
#   1.635e+00   2.461e-01   1.125e+02  -1.691e+01   1.300e+02  -6.681e+02   1.712e+01
#   2.461e-01   1.732e+00   9.054e+01  -1.680e+01   3.805e+01   3.383e+01   3.282e+01
#   1.125e+02   9.054e+01   1.623e+04  -2.892e+03  -3.338e+03  -3.343e+04   8.709e+02
#  -1.691e+01  -1.680e+01  -2.892e+03   5.300e+02   1.169e+03   4.299e+03  -8.679e+01
#   1.300e+02   3.805e+01  -3.338e+03   1.169e+03   5.007e+04  -6.655e+04   5.368e+03
#  -6.681e+02   3.383e+01  -3.343e+04   4.299e+03  -6.655e+04   2.948e+05  -6.618e+03
#   1.712e+01   3.282e+01   8.709e+02  -8.679e+01   5.368e+03  -6.618e+03   1.319e+03
#------------------------------------------------------------------------------------
#
#========================================================================
#Model TBfeo<1>(simpl<2>(diskbb<3> + relxill<4>)) Source No.: 1   Active/On
#Model Model Component  Parameter  Unit     Value
# par  comp
#   1    1   TBfeo      nH         10^22    3.68341      frozen
#   2    1   TBfeo      O                   0.718572     frozen
#   3    1   TBfeo      Fe                  0.977861     frozen
#   4    1   TBfeo      redshift            0.0          frozen
#   5    2   simpl      Gamma               1.39622      +/-  1.27860      
#   6    2   simpl      FracSctr            0.999000     +/-  1.31589      
#   7    2   simpl      UpScOnly            1.00000      frozen
#   8    3   diskbb     Tin        keV      0.748387     +/-  127.389      
#   9    3   diskbb     norm                3.66740E-02  +/-  23.0223      
#  10    4   relxill    Index1              3.00000      frozen
#  11    4   relxill    Index2              3.00000      frozen
#  12    4   relxill    Rbr                 15.0000      frozen
#  13    4   relxill    a                   -0.998000    +/-  223.756      
#  14    4   relxill    Incl       deg      59.6106      +/-  542.961      
#  15    4   relxill    Rin                 -1.00000     frozen
#  16    4   relxill    Rout                400.000      frozen
#  17    4   relxill    z                   0.0          frozen
#  18    4   relxill    gamma               1.39622      = p5
#  19    4   relxill    logxi               1.35213      frozen
#  20    4   relxill    Afe                 0.500000     +/-  36.3192      
#  21    4   relxill    Ecut       keV      100.000      frozen
#  22    4   relxill    refl_frac           -1.00000     frozen
#  23    4   relxill    norm                5.23502E-04  frozen
#________________________________________________________________________
#
#
#Fit statistic  : PG-Statistic                  87.75     using 98 bins.
#
#Test statistic : Chi-Squared                   98.20     using 98 bins.
# Null hypothesis probability of 2.84e-01 with 91 degrees of freedom
#***Warning: New best fit found, fit parameters will be set to new values.
#                                   Parameters
#PG-Statistic |beta|/N    Lvl       5:Gamma    6:FracSctr         8:Tin        9:norm          13:a       14:Incl        20:Afe
#================================================================================
# Variances and Principal Axes
#                 5        6        8        9       13       14       20  
# 1.1000E-04| -0.7479  -0.0375  -0.6625  -0.0173  -0.0000  -0.0007   0.0042  
# 7.7781E-02|  0.6507   0.1552  -0.7432  -0.0098  -0.0027  -0.0000   0.0014  
# 8.6521E-02| -0.1307   0.9870   0.0915   0.0048  -0.0036   0.0006  -0.0198  
# 5.6517E+02| -0.0001  -0.0194  -0.0076   0.0966   0.0937   0.0260  -0.9903  
# 2.1471E+04|  0.0048   0.0055   0.0117  -0.6742   0.7218   0.1559   0.0064  
# 5.0217E+04|  0.0036  -0.0023   0.0144  -0.7319  -0.6549  -0.1282  -0.1368  
# 3.0594E+06|  0.0007   0.0013   0.0003  -0.0089   0.2032  -0.9791  -0.0073  
#--------------------------------------------------------------------------------
#
#====================================================================================
#  Covariance Matrix
#        1           2           3           4           5           6           7   
#   2.720e+00   2.999e+00   4.385e+00  -2.223e+02   3.948e+02  -2.122e+03  -4.004e+01
#   2.999e+00   6.558e+00   8.849e-01  -3.083e+01   9.818e+02  -3.928e+03  -2.196e+00
#   4.385e+00   8.849e-01   1.365e+01  -7.061e+02  -1.221e+02  -8.764e+02  -9.924e+01
#  -2.223e+02  -3.083e+01  -7.061e+02   3.691e+04   8.094e+03   2.913e+04   5.082e+03
#   3.948e+02   9.818e+02  -1.221e+02   8.094e+03   1.590e+05  -6.019e+05  -2.112e+01
#  -2.122e+03  -3.928e+03  -8.764e+02   2.913e+04  -6.019e+05   2.934e+06   2.290e+04
#  -4.004e+01  -2.196e+00  -9.924e+01   5.082e+03  -2.112e+01   2.290e+04   1.661e+03
#------------------------------------------------------------------------------------
#
#========================================================================
#Model TBfeo<1>(simpl<2>(diskbb<3> + relxill<4>)) Source No.: 1   Active/On
#Model Model Component  Parameter  Unit     Value
# par  comp
#   1    1   TBfeo      nH         10^22    3.68341      frozen
#   2    1   TBfeo      O                   0.718572     frozen
#   3    1   TBfeo      Fe                  0.977861     frozen
#   4    1   TBfeo      redshift            0.0          frozen
#   5    2   simpl      Gamma               1.34086      +/-  1.64927      
#   6    2   simpl      FracSctr            0.999000     +/-  2.56084      
#   7    2   simpl      UpScOnly            1.00000      frozen
#   8    3   diskbb     Tin        keV      0.439423     +/-  3.69400      
#   9    3   diskbb     norm                4.88115      +/-  192.108      
#  10    4   relxill    Index1              3.00000      frozen
#  11    4   relxill    Index2              3.00000      frozen
#  12    4   relxill    Rbr                 15.0000      frozen
#  13    4   relxill    a                   -0.998000    +/-  398.750      
#  14    4   relxill    Incl       deg      50.0304      +/-  1712.92      
#  15    4   relxill    Rin                 -1.00000     frozen
#  16    4   relxill    Rout                400.000      frozen
#  17    4   relxill    z                   0.0          frozen
#  18    4   relxill    gamma               1.34086      = p5
#  19    4   relxill    logxi               1.35213      frozen
#  20    4   relxill    Afe                 0.500000     +/-  40.7498      
#  21    4   relxill    Ecut       keV      100.000      frozen
#  22    4   relxill    refl_frac           -1.00000     frozen
#  23    4   relxill    norm                5.23502E-04  frozen
#________________________________________________________________________
#
#
#Fit statistic  : PG-Statistic                  87.55     using 98 bins.
#
#Test statistic : Chi-Squared                   97.05     using 98 bins.
# Null hypothesis probability of 3.13e-01 with 91 degrees of freedom
#***Warning: New best fit found, fit parameters will be set to new values.
#
#***Warning: Number of trials exceeded before bracketing of delta fit-stat.
#Last attempt: 1.3, with delta statistic: 0.592148
#
#
#***Warning: Number of trials exceeded before bracketing of delta fit-stat.
#Last attempt: 1.3, with delta statistic: 0.592148
#
#
#***Warning: Number of trials exceeded before bracketing of delta fit-stat.
#Last attempt: 1.3, with delta statistic: 0.592148
#
#
#***Warning: Number of trials exceeded before bracketing of delta fit-stat.
#Last attempt: 1.3, with delta statistic: 0.592148
#
#***Warning: Error search cannot find bracket around delta fit-stat,
#   will automatically exit from trials loop.
#   parameter lower  bound is INVALID.
#
#